
145456786
70
acc(-0.2705448, 1.75495, 9.121908)gyro(0.7707428, -0.08673355, -0.4315361)mag(45.69023, 6.496875, 42.66562)
2042
b'$GPRMC,144040.000,A,4821.7100,N,00433.9755,W,1.54,81.54,100920,,,A*48\r\n'
1309
207

145661512
80
acc(-0.8475474, 0.4237737, 10.71884)gyro(-0.4786999, -0.6409755, 0.2543385)mag(45.33047, 5.053125, 43.35937)
2032
1286
215

145866526
85
acc(-1.553837, 3.045424, 12.61505)gyro(0.2538055, 0.1049862, -0.2901777)mag(44.43105, 2.707031, 43.53281)
2027
b'$GPRMC,144040.500,A,4821.7105,N,00433.9748,W,2.41,62.41,100920,,,A*4A\r\n'
1291
209

146071556
74
acc(-0.5913678, 1.055843, 8.805874)gyro(-0.2013124, 0.3153584, -0.1207075)mag(43.53164, 3.248437, 43.0125)
2031
1305
197

146275509
94
acc(0.1604115, 0.4764462, 9.452309)gyro(-0.8272328, 0.09126341, 0.03104288)mag(46.94941, 6.677343, 42.14531)
2034
None
1296
219

146480558
83
acc(-3.20823, -0.3543419, 13.54879)gyro(-0.4552512, 0.6220567, -0.03104288)mag(48.92812, 6.135937, 41.27812)
2037
1300
214

146685507
112
acc(-3.20823, -1.266533, 9.172187)gyro(0.5049465, 0.2964396, -0.4948209)mag(53.42519, 9.564843, 37.63594)
2042
b'$GPRMC,144041.000,A,4821.7106,N,00433.9744,W,2.36,72.97,100920,,,A*4B\r\n'
1296
189

146889518
96
acc(-1.810017, -1.668759, 9.969456)gyro(0.2011792, -0.4946877, 0.1638744)mag(52.70566, 9.203906, 37.98281)
2027
1296
208

147094526
82
acc(-1.307234, 0.08619126, 11.315)gyro(0.2873798, -0.1096493, 0.5987412)mag(48.20859, 6.135937, 41.97187)
2042
b'$GPRMC,144041.500,A,4821.7108,N,00433.9738,W,2.36,75.23,100920,,,A*43\r\n'
1287
197

147298524
64
acc(-1.577779, 0.7924808, 8.652645)gyro(0.7503584, 0.1629418, 0.5145391)mag(42.99199, 4.511718, 42.49218)
2034
1287
200

147502533
114
acc(-0.3040636, 1.11091, 9.41879)gyro(0.1530827, -0.1926524, 0.257536)mag(39.93398, 6.496875, 43.0125)
2043
b'$GPRMC,144042.000,A,4821.7109,N,00433.9732,W,2.09,70.78,100920,,,A*49\r\n'
1295
177

147706509
95
acc(0.05985504, -1.072602, 11.03727)gyro(-0.3144257, 0.3456019, -0.2169005)mag(39.21445, 5.775, 43.0125)
2035
1296
192

147911549
108
acc(-0.3351882, 2.750938, 8.60955)gyro(0.5146723, -0.364121, -0.3305467)mag(40.8334, 5.955468, 44.57344)
2038
b'$GPRMC,144042.500,A,4821.7111,N,00433.9725,W,2.20,74.41,100920,,,A*46\r\n'
1296
243

148116524
69
acc(0.09816227, 1.431733, 8.645462)gyro(-0.4132833, -0.1537489, -0.03250843)mag(39.93398, 2.165625, 45.09375)
2043
1294
202

148320533
80
acc(-1.273715, 2.358289, 12.49055)gyro(0.2849817, 0.3913002, 0.5321257)mag(39.03457, 0.9023437, 45.61406)
2037
b'$GPRMC,144043.000,A,4821.7112,N,00433.9720,W,2.16,64.89,100920,,,A*44\r\n'
1287
199

148525541
79
acc(-0.7493851, 1.592144, 8.248025)gyro(-0.4232757, 0.4377979, 0.4773676)mag(37.05586, 2.526562, 44.4)
2031
1295
219

148730510
96
acc(-0.07661445, 1.266533, 10.0748)gyro(0.09046402, -0.05129404, -0.3401394)mag(33.63808, 6.316406, 44.57344)
2037
None
1298
191

148934533
89
acc(-1.84593, 2.185906, 13.03643)gyro(0.3454686, 0.2087734, -0.2403492)mag(35.6168, 5.414062, 42.66562)
2035
1294
178

149139549
78
acc(-2.288857, 1.92015, 9.674969)gyro(0.07607504, 0.2831164, 0.1745329)mag(36.51621, 6.316406, 44.92031)
2034
b'$GPRMC,144043.500,A,4821.7115,N,00433.9716,W,1.92,55.02,100920,,,A*4D\r\n'
1289
208

149343556
102
acc(-1.795651, 2.892196, 9.251195)gyro(-0.1521501, 0.4417948, 1.321921)mag(32.19902, 4.872656, 43.53281)
2033
1296
182

149547545
81
acc(-1.702277, 2.164358, 9.284714)gyro(-0.3149587, 0.1641409, 2.107052)mag(29.50078, 5.775, 43.0125)
2032
b'$GPRMC,144044.000,A,4821.7117,N,00433.9713,W,1.68,45.18,100920,,,A*47\r\n'
1282
191

149751527
79
acc(-2.037466, 1.300052, 9.112331)gyro(-0.4130169, 0.2651302, 1.554942)mag(19.24746, 3.067969, 40.41093)
2035
1281
150

149955557
87
acc(-1.766921, 2.272097, 9.97185)gyro(-0.01092496, 0.2542052, 0.8841227)mag(15.82969, -2.165625, 40.58437)
2036
b'$GPRMC,144044.500,A,4821.7120,N,00433.9710,W,1.50,33.65,100920,,,A*45\r\n'
1290
256

150159547
138
acc(-1.343147, 3.62961, 8.966286)gyro(-0.01398928, 0.1857244, 1.177098)mag(14.57051, -4.150781, 40.06406)
2030
1282
213

150363548
86
acc(-1.326388, 5.506664, 9.346964)gyro(-0.4120843, 0.2543385, 1.287414)mag(12.23203, -10.10625, 41.625)
2039
b'$GPRMC,144045.000,A,4821.7122,N,00433.9708,W,0.38,330.13,100920,,,A*74\r\n'
1292
199

150568541
88
acc(-0.7685388, 2.844312, 9.665392)gyro(-0.1597443, 0.01212404, 1.287414)mag(13.67109, -14.4375, 41.625)
2042
1288
230

150773550
98
acc(-1.225831, 2.207454, 9.433155)gyro(0.05915468, 0.6578959, 2.136363)mag(14.93027, -21.83672, 44.22656)
2032
None
1299
191

150977559
140
acc(-1.625663, 0.05027823, 8.631097)gyro(-0.1115146, 0.4761685, 1.566533)mag(19.42734, -26.70937, 47.86875)
2039
1283
167

151181556
112
acc(-0.1891419, 1.036689, 9.576807)gyro(0.019585, 0.4838959, 1.209473)mag(22.12559, -26.88984, 48.04218)
2029
b'$GPRMC,144045.500,A,4821.7119,N,00433.9706,W,1.14,173.79,100920,,,A*71\r\n'
1281
194

151385564
105
acc(-1.362301, 3.940856, 8.863335)gyro(-0.1072512, -0.1228392, 1.411585)mag(24.82383, -27.07031, 48.21562)
2031
1289
223

151589568
99
acc(1.268927, 2.494758, 5.114015)gyro(-0.2534058, 0.5423844, 1.253706)mag(28.2416, -29.77734, 50.12344)
2026
b'$GPRMC,144046.000,A,4821.7116,N,00433.9708,W,1.43,192.21,100920,,,A*76\r\n'
1285
219

151793541
95
acc(-0.5841852, 1.381454, 12.47619)gyro(-0.2652634, 0.1770643, -0.3637213)mag(36.87597, -27.61172, 50.81718)
2032
1290
179

151997556
86
acc(-1.766921, -0.04788403, 7.40766)gyro(-0.270193, -0.01532159, -0.3202879)mag(36.15644, -29.41641, 50.81718)
2041
b'$GPRMC,144046.500,A,4821.7114,N,00433.9710,W,1.52,197.78,100920,,,A*71\r\n'
1287
208

152201556
96
acc(0.2681506, 0.4357447, 7.632715)gyro(0.4613798, -0.492556, -0.4635115)mag(35.79668, -29.41641, 51.16406)
2037
1301
205

152405573
75
acc(-0.08379706, 3.148375, 11.18571)gyro(-0.1538821, 0.2876463, 0.4377979)mag(31.83926, -35.91328, 48.38906)
2034
b'$GPRMC,144047.000,A,4821.7112,N,00433.9711,W,1.55,198.59,100920,,,A*79\r\n'
1285
179

152609555
80
acc(-0.1987187, 1.673547, 7.206547)gyro(-0.3619893, 0.1701363, 0.5161379)mag(35.6168, -37.17656, 48.90937)
2025
1284
222

152814494
64
acc(0.6799533, 1.290475, 11.57357)gyro(0.1108484, 0.04343339, 0.2093063)mag(38.49492, -35.01094, 49.25625)
2037
b'$GPRMC,144047.500,A,4821.7110,N,00433.9713,W,1.62,199.91,100920,,,A*7D\r\n'
1281
176

153018508
61
acc(-2.932897, 0.272939, 10.50815)gyro(-0.3268163, 0.3951639, -0.4908239)mag(39.21445, -33.20625, 48.5625)
2032
1299
230

153222516
111
acc(0.6919243, 1.821988, 6.359)gyro(0.355461, -0.2629985, -0.3298806)mag(35.07715, -31.58203, 49.42968)
2032
None
1297
195

153426513
67
acc(0.8595184, 3.234566, 11.30542)gyro(-0.1949173, 0.05062788, 0.4437933)mag(33.09844, -37.89843, 44.74687)
2032
1286
228

153631557
95
acc(-0.3016694, 1.599327, 8.734048)gyro(-0.3007029, 0.3783768, 0.231023)mag(33.81797, -37.17656, 45.09375)
2032
b'$GPRMC,144048.000,A,4821.7107,N,00433.9714,W,1.71,199.19,100920,,,A*74\r\n'
1288
217

153836493
80
acc(0.3184288, 0.6895301, 11.33654)gyro(0.04183462, -0.1794625, 0.08886525)mag(40.11386, -32.66484, 46.30781)
2034
1296
206

154040516
80
acc(-2.303222, -0.1939303, 8.99741)gyro(-0.4713722, 0.2063752, -0.3615896)mag(40.65351, -32.84531, 48.21562)
2032
b'$GPRMC,144048.500,A,4821.7104,N,00433.9718,W,1.97,201.58,100920,,,A*71\r\n'
1300
194

154244508
127
acc(1.108515, -0.1891419, 4.462792)gyro(0.562902, -0.5539755, -0.1582787)mag(40.29375, -29.59687, 48.90937)
2038
1304
208

154448516
93
acc(-2.123657, 4.594473, 14.0803)gyro(0.2154349, 0.1620092, 0.2077075)mag(34.89726, -34.65, 47.175)
2037
b'$GPRMC,144049.000,A,4821.7100,N,00433.9721,W,2.09,205.56,100920,,,A*75\r\n'
1296
227

154652505
98
acc(-0.1771709, 2.516306, 8.580819)gyro(0.1432236, 0.1201746, 0.2464778)mag(34.89726, -32.84531, 47.175)
2045
1296
187

154857557
112
acc(0.8930372, 0.4261679, 8.243237)gyro(-0.4661761, -0.1147121, 0.1746662)mag(42.09258, -33.56719, 48.21562)
2031
b'$GPRMC,144049.500,A,4821.7097,N,00433.9727,W,2.30,212.36,100920,,,A*73\r\n'
1296
229

155061510
90
acc(-2.190695, 1.896208, 11.09952)gyro(0.6932022, 0.09246248, -0.1736003)mag(42.45234, -32.84531, 48.5625)
2032
1298
173

155266509
134
acc(-0.03112462, 1.089362, 5.822699)gyro(0.6644242, 0.01505513, -0.2444793)mag(40.29375, -30.31875, 48.5625)
2033
None
1285
209

155470517
90
acc(-0.8092402, 3.210624, 11.79384)gyro(-0.03943645, 0.01745329, 0.2271593)mag(35.6168, -33.56719, 47.86875)
2032
1296
208

155675566
90
acc(-1.11091, 5.149928, 9.289502)gyro(0.08926495, 0.1179097, 0.826167)mag(34.35762, -34.10859, 46.65469)
2046
b'$GPRMC,144050.000,A,4821.7093,N,00433.9730,W,2.39,208.41,100920,,,A*7E\r\n'
1303
181

155879553
97
acc(0.9241618, 0.07900865, 6.722919)gyro(-0.2669954, 0.3665192, 0.2997703)mag(39.21445, -32.12344, 48.90937)
2034
1290
558

156084507
83
acc(-3.529053, 1.584962, 13.36443)gyro(-0.2410153, 0.596876, -0.2415483)mag(41.01328, -27.43125, 49.60312)
2038
b'$GPRMC,144050.500,A,4821.7090,N,00433.9733,W,2.16,224.20,100920,,,A*7F\r\n'
1296
144

156288509
82
acc(-0.8499416, 1.860295, 7.37893)gyro(-0.4098194, 0.1862573, -0.548513)mag(42.45234, -29.59687, 49.25625)
2039
1285
210

156493563
83
acc(-1.142034, 1.158794, 11.34133)gyro(0.7955238, -0.190121, 0.321487)mag(39.39433, -28.33359, 50.81718)
2035
b'$GPRMC,144051.000,A,4821.7088,N,00433.9736,W,2.05,241.30,100920,,,A*77\r\n'
1286
276

156697556
302
acc(-1.242591, 3.380613, 9.131485)gyro(-0.2743231, -0.009059726, 0.907971)mag(35.97656, -28.15312, 48.90937)
2041
1291
2139

156901550
266
acc(-0.03830723, -0.4046201, 7.113173)gyro(-0.2312895, -0.1256371, 0.8032512)mag(41.55293, -26.16797, 50.12344)
2039
b'$GPRMC,144051.500,A,4821.7084,N,00433.9741,W,2.86,223.38,100920,,,A*79\r\n'
1293
770

157105560
87
acc(-3.672705, 1.740585, 11.00615)gyro(0.7759388, 0.2184993, -0.9711226)mag(41.37304, -29.59687, 47.86875)
2015
1282
202

157310516
432
acc(-1.283292, 3.928885, 10.24)gyro(-0.06914702, -0.8773278, -0.3954304)mag(39.7541, -28.69453, 49.77656)
2034
b'$GPRMC,144052.000,A,4821.7081,N,00433.9745,W,2.83,208.31,100920,,,A*7B\r\n'
1280
4095

157514509
47
acc(-1.704672, 1.841141, 12.69885)gyro(0.1825268, 0.03277489, 0.1406922)mag(38.31504, -31.58203, 47.34844)
2041
1287
192

157719558
93
acc(-0.04548983, 3.962404, 8.236053)gyro(-0.06301838, 0.7941916, 0.6850751)mag(37.23574, -32.66484, 48.73594)
2038
None
1285
230

157923519
93
acc(-0.213084, 0.3806781, 7.953538)gyro(-0.8734641, -0.2456784, 0.7712757)mag(43.71152, -27.25078, 49.08281)
2022
1283
190

158127519
71
acc(-3.615245, 1.18513, 11.93988)gyro(0.2602006, 0.5904809, -0.1518836)mag(49.64765, -24.54375, 47.52187)
2038
b'$GPRMC,144052.500,A,4821.7077,N,00433.9749,W,3.02,204.77,100920,,,A*7D\r\n'
1279
203

158331509
80
acc(-2.195483, 1.462857, 8.085219)gyro(1.080239, -0.5882159, -0.4012925)mag(49.108, -24.36328, 48.38906)
2033
1295
183

158535508
69
acc(-0.4381389, 2.624045, 10.14902)gyro(-0.543317, 0.1930521, -0.2853813)mag(42.27246, -30.86015, 48.04218)
2045
b'$GPRMC,144053.000,A,4821.7073,N,00433.9750,W,3.02,188.85,100920,,,A*7F\r\n'
1296
238

158739506
85
acc(-0.4860229, 4.307169, 9.588778)gyro(0.6076678, -0.5970092, 0.5041471)mag(41.73281, -30.31875, 48.21562)
2032
1288
59

158944563
98
acc(-0.2154782, 0.320823, 7.393295)gyro(-0.605536, -0.1489525, 0.9298209)mag(44.61093, -28.15312, 49.60312)
2038
b'$GPRMC,144053.500,A,4821.7069,N,00433.9752,W,2.48,188.13,100920,,,A*73\r\n'
1289
179

159148556
118
acc(-3.074155, 3.009511, 13.48654)gyro(0.5808883, 0.5551746, -0.09179633)mag(48.20859, -25.62656, 47.86875)
2035
1285
201

159352564
113
acc(-0.6584055, 1.599327, 7.319075)gyro(0.1845253, -0.2887121, -0.2127703)mag(47.30918, -26.16797, 48.04218)
2026
b'$GPRMC,144054.000,A,4821.7066,N,00433.9753,W,2.20,197.41,100920,,,A*78\r\n'
1285
240

159556556
83
acc(0.7134721, 1.980005, 10.87446)gyro(-0.1930521, -0.2230291, 0.1593446)mag(44.61093, -29.95781, 47.52187)
2033
1293
207

159761515
86
acc(1.338359, 2.396596, 8.394072)gyro(0.003996938, -0.4008928, 0.8613401)mag(46.76953, -30.67969, 47.86875)
2029
None
1286
262

159965546
100
acc(1.989582, 0.7182605, 5.549759)gyro(-0.8761288, -0.06808117, 0.2017121)mag(48.92812, -28.875, 49.95)
2039
1279
209

160169541
99
acc(0.6799533, 0.6991069, 14.61181)gyro(-0.1632083, 0.8073814, 0.1914533)mag(56.12344, -30.67969, 44.4)
2032
b'$GPRMC,144054.500,A,4821.7061,N,00433.9753,W,2.40,180.07,100920,,,A*78\r\n'
1285
208

160373548
66
acc(-1.295263, -0.1125275, 8.968679)gyro(-0.02091731, 0.5494457, -0.4749694)mag(55.4039, -28.15312, 44.74687)
2034
1295
1090

160578544
368
acc(1.49877, -1.063026, 8.853758)gyro(-0.2279587, 0.2074411, 0.04236754)mag(55.4039, -25.9875, 45.7875)
2030
b'$GPRMC,144055.000,A,4821.7056,N,00433.9752,W,3.00,165.26,100920,,,A*74\r\n'
1289
1771

160782552
383
acc(-1.857901, 2.39899, 11.19529)gyro(-0.9021089, 0.08247014, 0.3013691)mag(53.60507, -24.90469, 46.48125)
2032
1289
3207

160986526
366
acc(0.8212111, 0.08379706, 5.444415)gyro(-0.4577826, -0.09912406, -0.2847152)mag(57.38262, -19.31016, 45.96094)
2026
b'$GPRMC,144055.500,A,4821.7051,N,00433.9752,W,3.41,176.29,100920,,,A*7E\r\n'
1285
2369

161190540
410
acc(-4.096479, -1.898602, 10.89122)gyro(-0.08393568, 1.014956, -0.8617397)mag(58.46191, -18.58828, 43.53281)
2035
1283
2020

161394558
215
acc(-7.211336, -2.363077, 9.337387)gyro(0.3853048, 0.5855513, 0.1111149)mag(57.02285, -13.53516, 44.92031)
2032
b'$GPRMC,144056.000,A,4821.7046,N,00433.9752,W,3.34,170.22,100920,,,A*71\r\n'
1280
1316

161598540
199
acc(-2.212242, -1.177947, 7.958326)gyro(-0.02171669, -0.7154518, -0.2919097)mag(55.22402, -13.89609, 44.92031)
2035
1280
1255

161803522
235
acc(-4.944026, -0.05985504, 10.60392)gyro(0.2174334, -0.1314992, 0.4271394)mag(54.50449, -17.86641, 46.65469)
2038
b'$GPRMC,144056.500,A,4821.7042,N,00433.9749,W,3.50,152.73,100920,,,A*7C\r\n'
1280
1326

162007526
201
acc(-0.4046201, -0.2346318, 6.526594)gyro(-0.2480766, -0.2855146, -0.2222297)mag(50.36718, -17.325, 46.48125)
2042
1263
1173

162212550
215
acc(-1.970428, -1.549049, 11.53526)gyro(0.6994641, -0.4693737, 0.3617229)mag(53.78496, -25.80703, 47.34844)
2046
None
1280
1345

162416548
102
acc(-2.75812, 0.617704, 11.36049)gyro(0.542118, 0.8127107, -0.5637014)mag(53.06543, -25.80703, 45.96094)
2039
1285
1280

162621522
96
acc(-0.4285621, 0.01675941, 8.520964)gyro(0.7879296, -0.56983, -0.07061256)mag(48.02871, -22.91953, 47.00156)
2041
b'$GPRMC,144057.000,A,4821.7037,N,00433.9746,W,3.60,153.45,100920,,,A*72\r\n'
1287
206

162825560
107
acc(-3.979163, 4.168305, 12.0165)gyro(-0.1137795, -0.2899112, 0.3794426)mag(42.27246, -27.25078, 46.65469)
2034
1274
225

163030537
201
acc(-0.914585, 0.5506664, 9.991004)gyro(-1.146721, -0.03130934, 0.05662329)mag(43.35176, -26.88984, 45.96094)
2027
b'$GPRMC,144057.500,A,4821.7032,N,00433.9743,W,3.50,159.56,100920,,,A*7C\r\n'
1268
917

163234541
105
acc(-2.932897, 0.6512229, 12.0572)gyro(0.1640077, -0.1782634, 0.02491424)mag(49.46777, -30.49922, 45.61406)
2029
1273
528

163438565
176
acc(-2.087744, -0.4644751, 10.67096)gyro(-0.00106585, 0.7967229, -0.4163476)mag(51.08672, -32.84531, 45.7875)
2031
b'$GPRMC,144058.000,A,4821.7029,N,00433.9742,W,3.05,167.07,100920,,,A*74\r\n'
1277
1001

163642556
163
acc(0.9169792, -0.1173159, 9.277532)gyro(0.2411486, -0.8624059, -0.4599143)mag(47.1293, -32.12344, 46.48125)
2050
1271
962

163846572
205
acc(-2.832341, 3.256114, 11.6861)gyro(0.1267029, 0.3020352, 0.3594579)mag(43.53164, -30.31875, 46.13437)
2026
b'$GPRMC,144058.500,A,4821.7026,N,00433.9742,W,2.72,161.15,100920,,,A*7A\r\n'
1277
1233

164050522
83
acc(1.505953, -0.5482722, 5.643134)gyro(-0.5070781, 0.03783768, 0.09939052)mag(42.09258, -29.95781, 47.175)
2033
1274
199

164254524
81
acc(-2.875436, 1.687912, 15.47851)gyro(-0.1622757, 0.07993875, -0.3829066)mag(46.76953, -31.04062, 46.82812)
2027
None
1275
199

164458529
85
acc(-2.020706, 2.243367, 9.871294)gyro(1.312195, -0.1899878, -0.4367321)mag(47.66894, -30.49922, 45.96094)
2038
1283
1999

164662523
50
acc(1.54426, -0.004788404, 8.913613)gyro(0.07687444, -0.579556, 0.1212404)mag(39.39433, -31.94297, 45.96094)
2022
b'$GPRMC,144059.000,A,4821.7021,N,00433.9740,W,3.61,162.12,100920,,,A*7C\r\n'
1267
663

164866516
353
acc(-0.01675941, 4.465186, 9.61272)gyro(0.2035774, 0.01265697, 0.4573829)mag(39.39433, -35.1914, 44.57344)
2030
1259
3568

165070542
81
acc(0.02394202, 0.2992752, 6.569689)gyro(-0.8007198, -0.193585, 0.9897749)mag(39.21445, -29.59687, 46.82812)
2034
b'$GPRMC,144059.500,A,4821.7016,N,00433.9738,W,4.57,157.26,100920,,,A*71\r\n'
1267
162

165274539
109
acc(-2.078167, 1.862689, 13.98932)gyro(1.007628, -0.1613431, -0.6157949)mag(45.87011, -29.41641, 44.57344)
2038
1264
46

165479514
66
acc(-0.56982, 2.487576, 8.62152)gyro(-0.207974, -0.1025881, -0.2358193)mag(40.47363, -30.49922, 47.00156)
2032
b'$GPRMC,144100.000,A,4821.7010,N,00433.9734,W,5.15,154.66,100920,,,A*73\r\n'
1280
857

165683505
80
acc(0.4668693, 0.85473, 11.28387)gyro(0.4941547, -0.2963063, 0.04609801)mag(41.37304, -32.48437, 46.82812)
2039
1281
249
