
165966920
75
acc(-0.4525041, 3.265691, 7.991845)gyro(-0.4307366, 0.2933752, 0.9230262)mag(40.47363, -35.55234, 44.57344)
2032
b'$GPRMC,144100.500,A,4821.7005,N,00433.9733,W,5.05,159.86,100920,,,A*77\r\n'
1277
230

166171544
80
acc(0.5530606, 1.692701, 12.75631)gyro(0.06141961, 0.1842588, 0.7458286)mag(44.9707, -34.28906, 44.4)
2035
1285
176

166376525
107
acc(-2.11408, -0.4644751, 10.24958)gyro(0.08380245, 0.7542222, -0.5431838)mag(48.02871, -31.22109, 43.18594)
2038
b'$GPRMC,144101.000,A,4821.7002,N,00433.9731,W,4.62,153.38,100920,,,A*79\r\n'
1280
216

166580508
66
acc(2.284068, 0.260968, 6.038177)gyro(0.7159848, -0.8133768, -0.562902)mag(42.99199, -32.66484, 46.65469)
2041
1264
198

166785508
70
acc(-0.4213795, 4.194642, 12.38042)gyro(0.1624089, 0.6526999, 0.5752926)mag(42.09258, -37.17656, 45.44062)
2032
None
1274
10

166989506
73
acc(0.902614, 0.9050082, 6.241684)gyro(-0.2567366, 0.1093829, 1.048264)mag(42.63223, -34.10859, 45.61406)
2042
1275
208

167193502
73
acc(-1.577779, 1.594538, 13.87919)gyro(-0.7326386, 0.6056693, 0.09979021)mag(51.2666, -31.22109, 45.26719)
2033
b'$GPRMC,144101.500,A,4821.7001,N,00433.9732,W,3.51,158.07,100920,,,A*7C\r\n'
1270
220

167397515
80
acc(-0.9217676, 0.1771709, 7.5561)gyro(-0.375046, 0.5868836, -0.2462114)mag(52.3459, -31.58203, 43.18594)
2039
1277
208

167601506
75
acc(1.031901, 0.1244985, 10.17775)gyro(0.4018255, -0.01825268, -0.2491424)mag(51.80625, -29.23594, 44.4)
2039
b'$GPRMC,144102.000,A,4821.6998,N,00433.9732,W,3.52,161.23,100920,,,A*7D\r\n'
1273
199

167805508
86
acc(-0.4237737, 3.136404, 12.44267)gyro(0.2280919, 0.3276156, 0.1280352)mag(47.84883, -30.67969, 45.09375)
2034
1284
201

168009563
80
acc(1.302446, 0.1221043, 4.563348)gyro(-0.09992344, -0.2304901, 0.3369418)mag(50.00742, -28.875, 45.09375)
2051
b'$GPRMC,144102.500,A,4821.6996,N,00433.9735,W,3.19,177.85,100920,,,A*75\r\n'
1280
197

168213541
81
acc(-2.15957, 1.201889, 14.8225)gyro(0.05822206, 0.6453722, -0.4068882)mag(50.72695, -28.51406, 45.44062)
2032
1283
192

168417528
101
acc(-0.320823, 1.99437, 8.291121)gyro(0.8369587, -0.02451455, -0.1955835)mag(49.82754, -28.33359, 44.92031)
2043
b'$GPRMC,144103.000,A,4821.6998,N,00433.9737,W,1.71,173.57,100920,,,A*7A\r\n'
1266
204

168621522
69
acc(-0.3232172, 1.132457, 11.00375)gyro(-0.1628086, -0.8489495, 0.07127872)mag(44.9707, -27.07031, 47.175)
2029
1262
244

168825534
83
acc(-1.271321, 4.474763, 9.088389)gyro(-0.3136264, 0.70053, 0.7851318)mag(45.51035, -29.41641, 45.61406)
2032
b'$GPRMC,144103.500,A,4821.7002,N,00433.9741,W,0.61,212.68,100920,,,A*7D\r\n'
1261
196

169029506
77
acc(0.5171475, 0.782904, 6.493075)gyro(-0.1781302, -0.4487228, 0.7037275)mag(46.94941, -24.36328, 46.65469)
2027
1264
208

169233542
109
acc(-2.41575, 1.067814, 10.30704)gyro(0.476435, 0.483363, -0.5931456)mag(50.1873, -24.36328, 45.26719)
2038
None
1274
201

169437562
82
acc(0.1723825, 2.061408, 6.653487)gyro(-0.2675283, -0.573827, -0.7350368)mag(47.66894, -22.55859, 45.26719)
2026
1281
198

169641565
1022
acc(0.3064578, 1.711854, 12.70124)gyro(0.0532925, 0.6223232, -0.273657)mag(48.38848, -27.97266, 46.65469)
2029
b'$GPRMC,144104.000,A,4821.7003,N,00433.9742,W,0.38,193.03,100920,,,A*76\r\n'
1263
4095

169845567
989
acc(-2.542642, 4.1707, 13.47936)gyro(1.342038, -0.02251608, 1.198149)mag(50.00742, -24.18281, 46.82812)
2033
1280
4095

170049524
1082
acc(1.601721, -1.479617, 4.584896)gyro(-0.7837995, -0.1144457, 0.6424412)mag(48.20859, -24.54375, 46.48125)
2032
b'$GPRMC,144104.500,A,4821.7003,N,00433.9740,W,0.92,120.01,100920,,,A*7B\r\n'
1273
4095

170253526
918
acc(-3.706224, 2.607286, 13.31655)gyro(0.07127872, 0.4481899, -0.3065651)mag(53.60507, -21.65625, 44.74687)
2041
1270
4095

170458558
123
acc(1.161188, 1.352724, 4.764462)gyro(-0.1902542, 0.515072, -0.4852283)mag(52.88555, -21.29531, 44.4)
2030
b'$GPRMC,144105.000,A,4821.7005,N,00433.9740,W,0.47,138.54,100920,,,A*78\r\n'
1269
272

170662541
80
acc(-2.056619, 4.031836, 15.1553)gyro(-0.2759219, 0.01758653, -0.3489326)mag(47.30918, -24.72422, 45.26719)
2041
1278
243

170867565
81
acc(-0.3878607, 2.281674, 8.930372)gyro(-0.759285, 0.2155682, 0.2835161)mag(48.38848, -27.97266, 45.96094)
2045
b'$GPRMC,144105.500,A,4821.7002,N,00433.9735,W,1.15,148.80,100920,,,A*70\r\n'
1264
225

171072555
97
acc(1.280898, -0.06943185, 9.43076)gyro(-0.2952404, -0.660827, 0.6047366)mag(52.52578, -27.07031, 43.70625)
2035
1264
220

171276553
80
acc(-2.616863, -1.328782, 11.51132)gyro(-0.2824502, 0.812311, -0.7919266)mag(51.80625, -26.70937, 42.66562)
2034
None
1270
218

171480561
91
acc(0.7182605, -0.1628057, 5.872977)gyro(0.2547381, 0.6191256, -0.7026616)mag(53.78496, -22.55859, 45.26719)
2029
1264
215

171684558
182
acc(-1.927332, 1.175553, 11.63103)gyro(0.1602772, 0.5042803, 0.2191654)mag(48.56836, -21.65625, 45.09375)
2032
b'$GPRMC,144106.000,A,4821.7003,N,00433.9734,W,0.78,148.36,100920,,,A*71\r\n'
1276
688

171888564
84
acc(-2.545036, 1.572991, 8.137892)gyro(-0.6030046, 0.1072512, 0.188389)mag(47.48906, -14.4375, 45.7875)
2031
1274
224

172093519
80
acc(-1.486799, 0.6584055, 11.2743)gyro(-0.2086401, -0.239683, 0.3104288)mag(50.36718, -18.04687, 44.4)
2035
b'$GPRMC,144106.500,A,4821.7001,N,00433.9731,W,0.95,157.01,100920,,,A*7A\r\n'
1263
207

172297494
75
acc(-4.371812, -0.04309563, 9.610326)gyro(0.261533, 0.04716386, 0.06168607)mag(52.88555, -16.96406, 46.48125)
2032
1270
208

172501509
48
acc(-2.161964, 0.6751649, 9.045294)gyro(0.362922, -0.3563936, -0.2675283)mag(50.72695, -18.40781, 44.74687)
2033
b'$GPRMC,144107.000,A,4821.6998,N,00433.9728,W,1.11,157.52,100920,,,A*75\r\n'
1275
195

172705509
88
acc(-0.2777274, 3.483563, 9.991004)gyro(0.7345039, -0.4604472, 0.6277857)mag(50.90683, -20.75391, 44.57344)
2030
1268
197

172910541
74
acc(-0.1244985, -0.557849, 4.939238)gyro(-0.451654, -0.127902, 0.5675652)mag(49.108, -18.94922, 44.22656)
2036
b'$GPRMC,144107.500,A,4821.6997,N,00433.9721,W,1.37,168.13,100920,,,A*7B\r\n'
1283
211

173114525
77
acc(-3.957615, 1.393425, 14.43225)gyro(-0.2395498, -0.161876, -0.04250077)mag(55.76367, -19.12969, 42.66562)
2032
1266
193

173319497
67
acc(-1.130063, 1.326388, 8.259995)gyro(0.2752558, -0.5140062, -0.8815912)mag(51.62637, -21.83672, 43.87969)
2038
b'$GPRMC,144108.000,A,4821.6994,N,00433.9718,W,1.38,166.50,100920,,,A*7E\r\n'
1281
173

173523509
73
acc(2.054225, 1.893814, 8.542512)gyro(-0.1755988, -0.2487427, -0.3142925)mag(48.02871, -25.08516, 44.92031)
2030
1287
201

173727516
64
acc(-0.9720459, 5.98311, 9.856929)gyro(-0.6770812, 1.522833, 0.3979618)mag(45.69023, -27.07031, 44.05313)
2046
None
1274
215

173931515
61
acc(0.1819593, 1.115698, 7.433996)gyro(-1.043734, -0.67868, 0.5742268)mag(48.74824, -18.22734, 43.53281)
2032
1277
193

174136557
98
acc(-5.389348, 3.632004, 14.08269)gyro(0.3713155, 0.2744564, -0.03477335)mag(52.52578, -18.40781, 43.0125)
2032
b'$GPRMC,144108.500,A,4821.6997,N,00433.9714,W,1.13,169.02,100920,,,A*75\r\n'
1280
189

174340526
101
acc(0.5746084, 0.05267244, 5.971139)gyro(0.305899, -0.5771578, -0.6753492)mag(50.72695, -21.65625, 44.4)
2035
1283
202

174545515
73
acc(-0.5793968, 3.311181, 12.40436)gyro(0.6620261, 0.2494089, -0.3706493)mag(50.00742, -23.46094, 44.05313)
2027
b'$GPRMC,144109.000,A,4821.6999,N,00433.9713,W,0.81,168.18,100920,,,A*78\r\n'
1281
197

174749505
86
acc(-1.848324, 2.784456, 9.050082)gyro(0.02518071, 0.7091899, 1.114746)mag(47.66894, -27.97266, 42.83906)
2032
1280
203

174953512
81
acc(0.5865794, 0.3639187, 10.7356)gyro(-0.4837627, 1.010026, 0.9046402)mag(53.96484, -22.73906, 42.66562)
2032
b'$GPRMC,144109.500,A,4821.6997,N,00433.9707,W,0.77,157.40,100920,,,A*7E\r\n'
1292
206

175157505
80
acc(-4.618415, 1.719037, 11.50653)gyro(-0.1949173, 0.1690705, -0.1496187)mag(53.24531, -16.60313, 42.31875)
2034
1280
192

175361544
123
acc(-0.2633622, 0.5746084, 5.813122)gyro(-0.04050231, -0.6301838, -0.7017291)mag(50.54707, -16.06172, 44.57344)
2032
b'$GPRMC,144110.000,A,4821.6992,N,00433.9699,W,0.95,147.08,100920,,,A*71\r\n'
1281
192

175565539
106
acc(-4.216189, 4.27365, 14.55196)gyro(0.1803951, 0.550778, 0.406755)mag(50.90683, -18.94922, 44.57344)
2032
1294
207

175769560
95
acc(-0.4644751, 2.0231, 7.939173)gyro(-1.104354, 0.2001133, 0.4488561)mag(52.16601, -18.04687, 42.66562)
2034
None
1289
4095

175974504
72
acc(-2.312799, 0.3136404, 13.32373)gyro(0.1241715, 0.1321654, 0.4199449)mag(59.90098, -16.06172, 40.06406)
2037
1290
272

176178516
80
acc(-2.89459, -1.302446, 11.16895)gyro(0.1277688, 0.8914503, -0.5204013)mag(59.36132, -16.96406, 39.54375)
2041
b'$GPRMC,144110.500,A,4821.6986,N,00433.9691,W,1.24,144.34,100920,,,A*7E\r\n'
1294
226

176382508
73
acc(0.9576807, 0.7469909, 7.024588)gyro(0.07141195, -0.6925361, -0.5660996)mag(56.12344, -16.60313, 39.54375)
2042
1281
208

176586507
80
acc(1.565808, 2.588132, 9.220071)gyro(0.08833232, -0.6929358, 0.01998469)mag(57.5625, -19.85156, 39.19687)
2037
b'$GPRMC,144111.000,A,4821.6982,N,00433.9684,W,1.37,133.87,100920,,,A*70\r\n'
1294
214

176790508
71
acc(-2.384625, 0.4596867, 9.229648)gyro(-0.4560506, 0.2522068, 0.331879)mag(59.18144, -21.47578, 40.75781)
2038
1294
218

176995567
97
acc(-1.592144, -0.3926491, 15.25825)gyro(0.2502083, -0.4294044, -0.009992343)mag(63.67851, -21.29531, 33.99375)
2030
b'$GPRMC,144111.500,A,4821.6976,N,00433.9674,W,1.75,129.17,100920,,,A*75\r\n'
1283
209

177199557
81
acc(-2.135628, -0.4525041, 11.52808)gyro(0.06088669, 0.8125774, -0.8746632)mag(63.13886, -24.00234, 34.86094)
2034
1293
208

177403553
80
acc(1.25935, 0.332794, 7.97748)gyro(0.6404426, -0.3489326, -0.5162711)mag(61.51992, -23.46094, 36.42187)
2030
b'$GPRMC,144112.000,A,4821.6971,N,00433.9664,W,2.08,123.54,100920,,,A*71\r\n'
1278
204

177607558
80
acc(-3.201048, 2.523489, 14.10185)gyro(0.1662726, 0.2180996, 0.4020919)mag(60.44062, -27.07031, 36.075)
2034
1291
205

177812518
80
acc(0.2801216, -0.09576806, 6.004658)gyro(-0.4894916, 0.1093829, 0.9617964)mag(60.80039, -22.37813, 38.15625)
2034
b'$GPRMC,144112.500,A,4821.6967,N,00433.9658,W,2.10,124.90,100920,,,A*7A\r\n'
1296
208

178016511
81
acc(-1.596933, 1.687912, 14.29099)gyro(-0.3449357, -0.4892252, -0.08313629)mag(64.57793, -17.50547, 33.47343)
2035
1287
203

178220508
64
acc(-1.788469, -1.355118, 9.349358)gyro(0.3292144, 0.7742068, -0.4088867)mag(66.19687, -18.40781, 33.99375)
2034
None
1293
208

178424519
95
acc(0.3950433, -0.926556, 9.785102)gyro(0.2444793, -0.8915835, -0.8726646)mag(66.37676, -18.94922, 34.86094)
2034
1283
205

178629567
81
acc(0.1292869, 2.621651, 10.81221)gyro(0.2524732, 0.01692037, 0.5020154)mag(67.09629, -24.36328, 34.86094)
2032
b'$GPRMC,144113.000,A,4821.6963,N,00433.9650,W,2.19,123.70,100920,,,A*72\r\n'
1297
197

178833558
75
acc(1.053449, -1.881843, 6.354211)gyro(0.0468974, -0.4908239, 0.2621991)mag(65.65722, -19.31016, 37.63594)
2039
1296
201

179038508
64
acc(-2.722207, 2.559402, 11.85609)gyro(-0.1213737, 0.2625988, -0.9290215)mag(69.61465, -16.78359, 35.90156)
2043
b'$GPRMC,144113.500,A,4821.6958,N,00433.9643,W,2.36,125.65,100920,,,A*72\r\n'
1296
202

179242511
96
acc(-1.99437, 1.68073, 10.62307)gyro(0.4395299, -0.1063185, -0.2772542)mag(70.15429, -16.60313, 37.80937)
2032
1282
198

179446557
91
acc(-0.237026, 3.287239, 11.4395)gyro(-0.112314, -0.5728944, -0.6794794)mag(66.9164, -20.93437, 38.85)
2032
b'$GPRMC,144114.000,A,4821.6953,N,00433.9631,W,2.78,118.23,100920,,,A*78\r\n'
1287
208

179650541
87
acc(-2.566584, 5.042189, 13.56315)gyro(0.07674119, 0.6420414, 0.8201715)mag(65.65722, -20.75391, 40.41093)
2035
1290
198

179855533
94
acc(2.003947, 0.7110779, 7.278373)gyro(-1.41425, 0.08833232, 1.132999)mag(65.65722, -18.58828, 38.32969)
2043
b'$GPRMC,144114.500,A,4821.6947,N,00433.9622,W,2.94,122.38,100920,,,A*7B\r\n'
1296
195

180059528
99
acc(0.2944868, 1.812411, 10.6518)gyro(0.2741899, 0.4960199, -0.0468974)mag(66.55663, -12.27188, 36.075)
2038
1282
203

180263531
94
acc(-0.3136404, 3.734955, 5.463568)gyro(0.6267199, -0.2279587, -1.202812)mag(67.27617, -10.46719, 36.42187)
2038
None
1285
203

180468515
65
acc(-0.2202666, 3.825934, 13.32613)gyro(0.4440598, -0.006661563, -0.1542818)mag(65.11758, -18.04687, 39.54375)
2033
1289
210

180673524
84
acc(-0.6440403, 3.167529, 8.827422)gyro(-0.6177933, 0.4267397, 0.4361991)mag(64.7578, -19.49062, 38.85)
2032
b'$GPRMC,144115.000,A,4821.6942,N,00433.9613,W,3.02,130.03,100920,,,A*7D\r\n'
1297
192

180878553
67
acc(1.35033, 1.225831, 8.743625)gyro(-0.3598576, -0.9091701, 0.5509112)mag(66.9164, -16.24219, 36.42187)
2014
1293
208

181082546
79
acc(-2.576161, 1.410185, 12.39718)gyro(0.3930322, 0.3273492, -0.4144824)mag(71.23359, -16.60313, 33.3)
2042
b'$GPRMC,144115.500,A,4821.6936,N,00433.9606,W,3.22,139.40,100920,,,A*73\r\n'
1302
207

181287556
90
acc(0.6081272, 1.776498, 6.145916)gyro(0.2579357, -0.7033278, -0.7033278)mag(68.71523, -16.60313, 34.34062)
2029
1295
193

181492543
80
acc(-0.1891419, 2.60968, 12.17212)gyro(0.6760154, 0.1863905, 0.08180398)mag(67.81582, -22.19765, 33.12656)
2036
b'$GPRMC,144116.000,A,4821.6931,N,00433.9599,W,3.29,135.77,100920,,,A*74\r\n'
1290
187

181697505
84
acc(-0.9624691, 6.38773, 11.83693)gyro(0.721847, 1.061187, 0.3226861)mag(63.85839, -17.14453, 35.90156)
2039
1296
193

181902577
87
acc(0.3256114, 0.9983821, 7.041347)gyro(-0.6105989, -0.07847321, 0.2936417)mag(64.57793, -15.33984, 35.90156)
2033
b'$GPRMC,144116.500,A,4821.6931,N,00433.9591,W,3.26,103.04,100920,,,A*77\r\n'
1290
190

182107555
90
acc(-4.927267, 1.496376, 12.25831)gyro(0.2769878, 0.4036907, -0.08926495)mag(62.41933, -13.53516, 32.77969)
2036
1293
205

182312555
86
acc(-2.882619, 1.419762, 7.788338)gyro(0.02811179, -0.07354365, 0.1500184)mag(60.6205, -14.25703, 33.47343)
2032
b'$GPRMC,144117.000,A,4821.6930,N,00433.9585,W,2.56,100.91,100920,,,A*7E\r\n'
1283
189

182517544
90
acc(-3.131616, 1.821988, 10.21366)gyro(0.1321654, -0.5172037, 0.3757122)mag(57.92226, -14.4375, 34.6875)
2032
1281
190

182722516
67
acc(-3.416526, 2.983175, 10.22324)gyro(-0.003464013, 0.6674886, 0.3104288)mag(59.54121, -14.97891, 35.55468)
2034
None
1287
193

182926517
58
acc(-0.7972692, 1.276109, 8.439561)gyro(-0.348, -0.01185758, 0.03903676)mag(57.02285, -11.36953, 36.94218)
2032
1293
196

183131561
80
acc(-1.508347, 0.605733, 10.1993)gyro(0.1819939, -0.2980383, -0.4082206)mag(58.10215, -15.70078, 36.24844)
2027
b'$GPRMC,144117.500,A,4821.6930,N,00433.9579,W,2.61,94.67,100920,,,A*49\r\n'
1283
194

183336508
67
acc(-1.982399, 1.192312, 9.703699)gyro(-0.7816678, -0.8245682, -0.9454089)mag(59.36132, -19.12969, 36.76875)
2034
1291
198

183540502
84
acc(2.633622, -0.7781156, 8.317456)gyro(-0.5301271, -0.000532925, -0.4274059)mag(60.80039, -30.31875, 31.21875)
2033
b'$GPRMC,144118.000,A,4821.6927,N,00433.9571,W,2.75,107.67,100920,,,A*73\r\n'
1306
196

183744508
91
acc(-0.1436521, -1.407791, 11.3964)gyro(-0.5534426, 0.7479603, -0.09232925)mag(64.57793, -32.30391, 28.96406)
2037
1299
198

183948515
91
acc(-3.122039, -2.614468, 10.2807)gyro(-0.6916034, 0.9152987, 0.2551379)mag(65.83711, -29.23594, 30.525)
2035
b'$GPRMC,144118.500,A,4821.6925,N,00433.9568,W,1.86,131.12,100920,,,A*74\r\n'
1294
198

184152545
83
acc(-1.010353, -2.401384, 8.920795)gyro(0.06568301, -0.06941348, -0.04356662)mag(67.81582, -23.64141, 29.65781)
2033
1297
192

184357575
80
acc(-2.269703, -3.380613, 11.15698)gyro(0.8589419, 0.1276355, 0.09232925)mag(70.69394, -25.08516, 29.65781)
2043
b'$GPRMC,144119.000,A,4821.6924,N,00433.9564,W,2.01,117.29,100920,,,A*7D\r\n'
1279
194

184562541
96
acc(-2.748544, -2.3535, 9.167398)gyro(1.684842, 0.9735208, 0.6039372)mag(66.37676, -24.72422, 34.16719)
2031
1298
194

184767556
89
acc(-2.11408, 1.01993, 8.901642)gyro(0.7447627, 0.04556509, -0.08300307)mag(56.84297, -18.04687, 40.58437)
2035
None
1296
193

184972515
88
acc(-3.895366, 1.146823, 10.31422)gyro(-1.256104, 0.4840292, -0.1802619)mag(57.92226, -18.76875, 40.93125)
2042
1296
208

185177531
101
acc(-2.461239, -2.494758, 8.492233)gyro(-0.9522038, -0.4832297, -0.2418147)mag(64.03828, -17.68594, 36.76875)
2033
b'$GPRMC,144119.500,A,4821.6925,N,00433.9563,W,1.28,113.15,100920,,,A*7D\r\n'
1290
198

185381536
79
acc(-0.9337386, -1.836353, 8.911219)gyro(0.01119143, -0.3016355, -0.01572129)mag(65.65722, -20.03203, 34.51406)
2038
1299
184

185585557
99
acc(-3.203442, -2.209848, 10.72602)gyro(0.08113783, 0.2171669, -0.4040904)mag(64.39804, -20.93437, 35.38125)
2038
b'$GPRMC,144120.000,A,4821.6922,N,00433.9559,W,1.88,114.96,100920,,,A*7A\r\n'
1296
202

185790508
87
acc(-2.106898, 0.04070143, 7.826645)gyro(0.8147091, 0.222363, -0.4676417)mag(57.74238, -17.86641, 39.02344)
2037
1296
197

185994565
74
acc(-3.445256, 0.8714894, 9.94312)gyro(0.845219, -0.02291577, 0.04822971)mag(55.04414, -19.12969, 41.27812)
2041
b'$GPRMC,144120.500,A,4821.6921,N,00433.9556,W,1.64,122.51,100920,,,A*7F\r\n'
1307
189

186199508
106
acc(-4.548983, 3.203442, 9.746795)gyro(0.3046999, 0.5345238, -0.211438)mag(50.36718, -20.2125, 41.625)
2047
1297
201
