
104437494
52
acc(-5.300763, 0.794875, 9.160215)gyro(0.3282818, 0.1701363, -0.4146157)mag(15.6498, -19.67109, 40.41093)
2058
b'$GPRMC,143959.000,A,4821.6850,N,00433.9670,W,3.48,269.17,100920,,,A*79\r\n'
1410
195

104642518
51
acc(-0.1651999, 2.365471, 5.736507)gyro(0.158412, -0.20451, -0.1673385)mag(13.49121, -16.06172, 39.37031)
2055
1413
208

104847576
69
acc(-0.4189853, 2.688689, 14.22395)gyro(0.5226662, -0.1801287, -0.577291)mag(11.69238, -17.50547, 36.59531)
2038
b'$GPRMC,143959.500,A,4821.6850,N,00433.9675,W,2.85,265.25,100920,,,A*74\r\n'
1408
188

105052555
71
acc(-4.730943, 3.526659, 9.689334)gyro(-0.5325253, -0.6189924, 0.2520735)mag(8.99414, -16.24219, 38.50312)
2061
1405
208

105256558
59
acc(-0.7182605, 1.388637, 6.540959)gyro(0.2378178, 0.2366187, 0.1219066)mag(15.46992, -19.85156, 40.58437)
2055
None
1404
220

105460563
61
acc(-0.9313444, -0.6871359, 11.11867)gyro(-0.207974, 0.2522068, -0.2186325)mag(14.75039, -20.93437, 40.93125)
2059
1399
206

105664533
55
acc(-3.521871, 2.008735, 9.734824)gyro(0.6119311, -0.4552512, -0.6492359)mag(13.85098, -18.58828, 40.75781)
2045
b'$GPRMC,144000.000,A,4821.6849,N,00433.9682,W,2.74,268.31,100920,,,A*75\r\n'
1410
214

105868530
71
acc(-0.1747767, 0.4788404, 6.110003)gyro(0.149219, -0.1630751, -0.7851318)mag(12.05215, -14.61797, 37.98281)
2043
1406
193

106072526
64
acc(-0.4979939, 1.120486, 9.68694)gyro(0.5076111, -0.2804518, -0.4540521)mag(9.893554, -11.36953, 37.98281)
2047
b'$GPRMC,144000.500,A,4821.6848,N,00433.9689,W,2.91,261.53,100920,,,A*7C\r\n'
1401
209

106276525
52
acc(0.09576806, 2.815581, 10.51055)gyro(0.2030444, 0.1853247, -0.03983614)mag(9.353906, -14.4375, 35.38125)
2065
1403
177

106480533
34
acc(-0.7158663, 0.8355764, 7.359776)gyro(-0.6339143, 0.1568132, 0.1961164)mag(8.094726, -13.17422, 36.59531)
2062
b'$GPRMC,144001.000,A,4821.6847,N,00433.9693,W,1.72,259.48,100920,,,A*73\r\n'
1408
204

106684557
64
acc(-0.01915361, 0.8259995, 9.651027)gyro(0.1077841, -0.1633415, -0.572095)mag(11.15273, -14.4375, 38.15625)
2047
1409
161

106889515
64
acc(-3.581726, 0.0, 12.72758)gyro(-0.485095, -0.1229725, -1.269827)mag(11.69238, -13.53516, 38.67656)
2054
b'$GPRMC,144001.500,A,4821.6848,N,00433.9696,W,2.05,51.84,100920,,,A*45\r\n'
1409
208

107093510
51
acc(1.273715, -0.6368576, 4.161122)gyro(-0.4156815, -0.5967427, -0.872798)mag(15.46992, -5.414062, 39.89062)
2052
1408
172

107298567
53
acc(0.6919243, 0.3974375, 9.785102)gyro(0.09992344, -0.5481134, 0.2167673)mag(17.26875, -3.970312, 40.2375)
2039
b'$GPRMC,144002.000,A,4821.6849,N,00433.9698,W,2.18,50.03,100920,,,A*4E\r\n'
1394
184

107502558
80
acc(1.371878, 1.249773, 8.106767)gyro(0.3292144, 0.3662527, 0.2919097)mag(17.8084, -8.482031, 41.10469)
2060
1410
206

107706565
96
acc(0.1915361, -1.759738, 9.203311)gyro(-0.5038806, -0.4248745, -0.05888822)mag(15.6498, -9.564843, 40.41093)
2057
None
1417
193

107911518
61
acc(0.6272808, 0.5650316, 11.4778)gyro(0.08420216, 0.1283017, -0.2552711)mag(18.16816, -11.36953, 43.53281)
2099
1425
208

108116568
71
acc(-3.263297, 0.5506664, 11.37485)gyro(-0.1871899, 0.5862175, -1.208274)mag(18.34805, -9.745312, 41.97187)
2039
b'$GPRMC,144002.500,A,4821.6851,N,00433.9702,W,1.91,329.72,100920,,,A*79\r\n'
1405
192

108320559
80
acc(1.340753, 1.654393, 10.98939)gyro(-0.4151486, -0.2340873, -0.02371516)mag(20.32676, -3.067969, 40.75781)
2032
1402
179

108524559
67
acc(0.2753332, 1.975216, 10.74997)gyro(0.005728944, -0.3237519, 0.07234457)mag(21.76582, -6.316406, 42.83906)
2057
b'$GPRMC,144003.000,A,4821.6854,N,00433.9708,W,3.26,307.70,100920,,,A*72\r\n'
1422
208

108729508
48
acc(1.620875, -0.8499416, 6.483498)gyro(-0.3705161, 0.296706, 0.1997136)mag(24.28418, -7.399218, 41.79843)
2051
1406
217

108934576
82
acc(-0.3112462, -0.3232172, 13.42668)gyro(0.07314396, 0.02384839, -0.03210873)mag(23.38476, -7.21875, 43.35937)
2063
b'$GPRMC,144003.500,A,4821.6857,N,00433.9713,W,3.19,313.83,100920,,,A*7B\r\n'
1406
208

109138560
80
acc(-1.312023, -0.9193734, 11.15219)gyro(0.1875896, 1.129268, -0.4761685)mag(25.90312, -6.857812, 44.4)
2060
1403
203

109342564
80
acc(2.042254, -0.6991069, 8.042124)gyro(0.616461, 0.04929556, -0.1997136)mag(25.00371, 1.263281, 41.79843)
2058
b'$GPRMC,144004.000,A,4821.6861,N,00433.9718,W,3.38,318.18,100920,,,A*7D\r\n'
1404
179

109547538
112
acc(-1.158794, 1.371878, 14.11142)gyro(-0.6136631, 0.2819173, -0.3878362)mag(25.18359, 0.721875, 39.54375)
2034
1394
178

109751534
59
acc(-1.532289, 0.9816227, 8.286332)gyro(-0.3529296, 0.4184793, -1.095427)mag(28.2416, 2.346094, 40.75781)
2059
None
1410
208

109955549
68
acc(0.6799533, -0.01675941, 8.973468)gyro(0.09326189, -0.2769878, -0.1573461)mag(31.11973, 1.624219, 41.10469)
2046
1396
181

110159540
75
acc(-0.7685388, -1.474828, 10.41717)gyro(-0.01398928, 0.2314227, -0.3052328)mag(31.11973, 0.1804687, 42.49218)
2059
b'$GPRMC,144004.500,A,4821.6864,N,00433.9721,W,2.91,325.81,100920,,,A*7B\r\n'
1397
202

110363548
68
acc(0.7374141, 0.890643, 7.359776)gyro(0.3352098, 0.1429571, -0.06554978)mag(26.26289, 4.33125, 39.89062)
2036
1401
203

110567550
69
acc(-1.584962, 0.3998317, 11.81539)gyro(0.2891118, -0.1364288, -0.06368454)mag(23.38476, 2.8875, 39.89062)
2057
b'$GPRMC,144005.000,A,4821.6868,N,00433.9725,W,3.02,344.89,100920,,,A*73\r\n'
1415
186

110772556
82
acc(-2.298434, 1.975216, 9.703699)gyro(-0.1696034, 0.5912803, 0.2220965)mag(24.1043, 3.248437, 40.2375)
2061
1408
208

110976556
65
acc(0.9289502, 1.721431, 9.588778)gyro(-0.4605804, -0.2199648, 0.161876)mag(26.08301, 4.872656, 41.10469)
2045
b'$GPRMC,144005.500,A,4821.6872,N,00433.9728,W,2.70,346.41,100920,,,A*72\r\n'
1406
195

111180556
67
acc(-0.629675, -0.6584055, 10.52491)gyro(0.01372282, 0.4676417, -0.08486832)mag(26.98242, 1.44375, 41.27812)
2052
1395
193

111384572
80
acc(0.1149217, 0.6607997, 8.446744)gyro(0.05915468, 0.03357428, -0.362922)mag(28.42148, 4.692187, 40.2375)
2034
b'$GPRMC,144006.000,A,4821.6876,N,00433.9731,W,2.94,346.52,100920,,,A*70\r\n'
1404
197

111588557
57
acc(1.692701, -0.2202666, 9.390059)gyro(0.1325651, -0.0002664625, -0.1549479)mag(28.42148, 3.609375, 39.89062)
2032
1403
190

111792525
43
acc(-1.323994, 1.01993, 9.888053)gyro(0.1851915, 0.5180031, 0.652167)mag(29.3209, 5.955468, 39.02344)
2045
b'$GPRMC,144006.500,A,4821.6876,N,00433.9735,W,1.85,27.43,100920,,,A*46\r\n'
1399
192

111996525
62
acc(1.18513, -0.5961562, 7.891289)gyro(-0.08460184, -0.1505513, 0.08726647)mag(28.96113, 7.399218, 40.06406)
2041
1392
192

112200533
75
acc(-1.745373, -0.1604115, 10.67096)gyro(0.006794794, 0.1504181, 0.02105054)mag(30.58008, 5.414062, 38.85)
2038
None
1393
192

112404532
66
acc(0.004788404, 0.9121908, 9.591172)gyro(0.1713354, -0.3173568, -0.6364457)mag(27.70195, 6.496875, 40.58437)
2043
1391
192

112608525
73
acc(0.2537854, 0.8236053, 9.507375)gyro(-0.06288515, -0.5919465, -0.01119143)mag(28.78125, 3.248437, 41.625)
2046
b'$GPRMC,144007.000,A,4821.6881,N,00433.9734,W,3.05,26.00,100920,,,A*47\r\n'
1381
208

112812509
61
acc(-0.8020576, 3.045424, 10.41478)gyro(0.2142359, 0.2951073, 0.4380644)mag(27.70195, 1.082812, 42.66562)
2032
1389
208

113017566
70
acc(1.656788, -0.8619126, 6.773197)gyro(0.08406893, -0.3713155, -0.1620092)mag(28.42148, -0.3609375, 44.05313)
2037
b'$GPRMC,144007.500,A,4821.6887,N,00433.9735,W,3.62,14.03,100920,,,A*46\r\n'
1394
183

113221556
61
acc(2.715025, 2.063802, 12.58392)gyro(-0.005862175, 0.349732, 0.1989143)mag(28.42148, -0.721875, 42.66562)
2046
1390
189

113426515
80
acc(-0.8044518, 1.027112, 9.591172)gyro(0.08047169, 0.1486861, -0.5670322)mag(24.64394, 3.789844, 40.75781)
2036
b'$GPRMC,144008.000,A,4821.6890,N,00433.9736,W,2.92,1.07,100920,,,A*77\r\n'
1397
208

113630508
61
acc(0.6344634, 0.9576807, 10.03649)gyro(0.007993875, -0.5635682, 0.2527397)mag(27.52207, 5.233593, 41.79843)
2035
1392
206

113834559
66
acc(2.880225, 1.774103, 10.14902)gyro(-0.09725882, 0.04050231, 0.2552711)mag(26.26289, 1.082812, 43.0125)
2044
b'$GPRMC,144008.500,A,4821.6896,N,00433.9737,W,3.46,346.80,100920,,,A*72\r\n'
1385
202

114039524
81
acc(0.7972692, -0.557849, 7.654263)gyro(0.1060521, -0.1001899, -0.05062788)mag(28.42148, 3.609375, 43.0125)
2052
1389
186

114243525
70
acc(2.027889, 0.3519476, 9.543288)gyro(0.009725882, 0.2864472, 0.4601808)mag(28.2416, 4.150781, 42.14531)
2062
b'$GPRMC,144009.000,A,4821.6900,N,00433.9737,W,3.12,5.47,100920,,,A*76\r\n'
1389
198

114447507
51
acc(-1.328782, -0.08379706, 12.11706)gyro(0.1709357, 0.4039572, -0.6744166)mag(32.19902, 4.511718, 43.18594)
2051
1386
209

114652576
62
acc(0.4046201, 0.4955997, 8.959103)gyro(0.3009694, -0.2572696, -0.2544717)mag(33.09844, 6.135937, 43.70625)
2061
None
1379
187

114856565
74
acc(1.532289, 2.248155, 10.82179)gyro(0.01465544, 0.09326189, 0.6812114)mag(32.55879, 1.985156, 42.83906)
2035
1390
208

115061508
64
acc(-0.890643, 1.091756, 9.102755)gyro(-0.006261869, 0.05902144, 0.6520338)mag(27.88183, 5.233593, 41.79843)
2020
b'$GPRMC,144009.500,A,4821.6903,N,00433.9738,W,2.71,357.40,100920,,,A*78\r\n'
1387
187

115266556
80
acc(1.261744, 1.103727, 10.3214)gyro(-0.2657964, 0.2535391, 0.5307933)mag(26.80254, 3.428906, 41.79843)
2046
1388
189

115471519
84
acc(-0.4237737, 0.4620809, 10.45548)gyro(0.5209342, 0.8318959, -0.06101991)mag(28.06172, -2.165625, 43.0125)
2043
b'$GPRMC,144010.000,A,4821.6906,N,00433.9740,W,2.84,5.84,100920,,,A*79\r\n'
1388
208

115675508
53
acc(1.194707, 1.029507, 7.503428)gyro(-0.04609801, -0.2358193, 0.3186892)mag(25.36348, -0.1804687, 41.45156)
2047
1382
208

115879515
58
acc(1.00317, 3.5099, 11.16895)gyro(0.3621225, 0.4334013, -0.1389602)mag(25.54336, -2.526562, 39.89062)
2032
b'$GPRMC,144010.500,A,4821.6911,N,00433.9741,W,3.90,21.08,100920,,,A*4D\r\n'
1392
203

116084557
78
acc(-0.08619126, 0.5147533, 8.678981)gyro(0.001465544, 0.0447657, 0.08859879)mag(22.66523, 1.082812, 38.50312)
2059
1379
211

116289516
66
acc(0.4213795, 1.410185, 10.16817)gyro(-0.04236754, 0.2041103, 0.05169373)mag(21.40605, -0.1804687, 39.02344)
2033
b'$GPRMC,144011.000,A,4821.6917,N,00433.9741,W,4.47,10.80,100920,,,A*40\r\n'
1383
194

116494524
51
acc(-1.944092, 0.9672575, 10.40759)gyro(0.1148453, 0.1236386, -0.6368454)mag(23.025, 1.082812, 39.89062)
2045
1383
194

116699540
77
acc(0.533907, 0.8116343, 8.319851)gyro(0.2026447, -0.1981149, -0.08926495)mag(25.18359, 1.082812, 38.50312)
2055
None
1379
210

116904529
64
acc(0.6320692, 2.676718, 10.15381)gyro(0.0, 0.2047764, 0.287513)mag(23.56465, -0.9023437, 39.37031)
2043
1389
205

117109551
86
acc(1.046266, 0.3567361, 8.429984)gyro(-0.04876264, 0.03464013, -0.1946509)mag(21.40605, -1.624219, 37.28906)
2033
b'$GPRMC,144011.500,A,4821.6922,N,00433.9741,W,3.99,10.67,100920,,,A*4E\r\n'
1374
203

117313542
76
acc(0.2346318, 1.297657, 10.84573)gyro(0.4166142, -0.1072512, 0.2992374)mag(22.30547, -0.3609375, 38.85)
2042
1378
202

117517558
82
acc(-0.1484405, 1.194707, 10.34535)gyro(-0.42634, 1.058922, -0.7688776)mag(19.78711, -4.33125, 37.80937)
2032
b'$GPRMC,144012.000,A,4821.6925,N,00433.9742,W,3.80,19.76,100920,,,A*4D\r\n'
1381
192

117721558
67
acc(2.08535, 2.360683, 6.064513)gyro(-0.1421577, -0.085268, 0.06594947)mag(23.38476, -0.3609375, 41.27812)
2037
1382
203

117925573
64
acc(-0.8403648, 2.86586, 10.75715)gyro(-0.2432803, 0.6836095, 0.783533)mag(23.56465, -3.067969, 40.06406)
2039
b'$GPRMC,144012.500,A,4821.6927,N,00433.9745,W,3.14,11.41,100920,,,A*4C\r\n'
1387
199

118129558
91
acc(0.5410896, 1.814805, 8.173804)gyro(-0.1969158, -0.003597244, 0.5918133)mag(20.32676, -0.5414062, 37.28906)
2045
1375
208

118333562
76
acc(0.9097966, 0.9864111, 10.78349)gyro(-0.1297672, -0.3797091, 0.3615896)mag(19.06758, -0.721875, 38.15625)
2045
b'$GPRMC,144013.000,A,4821.6935,N,00433.9745,W,3.76,346.76,100920,,,A*7A\r\n'
1386
211

118537558
80
acc(-0.8355764, -1.410185, 10.01734)gyro(-0.1737336, 0.4283385, -0.8729312)mag(26.44277, -1.985156, 41.45156)
2032
1385
206

118741567
81
acc(1.441309, -0.4860229, 7.098808)gyro(0.4034242, -0.4552512, -0.6582956)mag(26.80254, -1.263281, 40.41093)
2043
None
1367
208

118945534
67
acc(3.634398, 2.066196, 11.84172)gyro(0.07327719, 0.07341042, -0.04223431)mag(25.72324, -1.624219, 41.45156)
2043
1362
208

119149525
64
acc(0.8619126, 1.594538, 8.204929)gyro(-0.1736003, 0.09352834, 0.3004365)mag(23.38476, -1.804687, 41.27812)
2038
b'$GPRMC,144013.500,A,4821.6940,N,00433.9745,W,4.01,352.58,100920,,,A*73\r\n'
1383
208

119353534
63
acc(2.236184, 2.439692, 10.30465)gyro(0.05475805, -0.4353997, 0.5954104)mag(25.36348, -2.707031, 41.10469)
2029
1373
213

119558565
80
acc(0.7733272, -1.058237, 9.773131)gyro(0.6039372, 0.7897949, -0.2155682)mag(23.56465, -6.316406, 42.49218)
2045
b'$GPRMC,144014.000,A,4821.6943,N,00433.9751,W,3.24,350.20,100920,,,A*7A\r\n'
1369
208

119762558
79
acc(2.145205, 1.721431, 7.311892)gyro(-0.1674717, -0.1609434, -0.4220766)mag(21.9457, -2.8875, 41.27812)
2035
1360
210

119967496
83
acc(1.80044, 2.738967, 14.02523)gyro(0.2378178, 0.07474273, 0.1259035)mag(22.84512, -4.511718, 42.49218)
2039
b'$GPRMC,144014.500,A,4821.6946,N,00433.9753,W,2.95,347.98,100920,,,A*76\r\n'
1377
206

120171508
67
acc(0.4716577, 2.789245, 8.822633)gyro(-0.6261868, 0.6155283, 0.2073078)mag(21.76582, -1.624219, 41.10469)
2035
1366
210

120375527
79
acc(0.2825158, 1.063026, 11.44189)gyro(-0.05435835, -0.4000935, 0.8513477)mag(22.84512, -0.9023437, 41.45156)
2054
b'$GPRMC,144015.000,A,4821.6951,N,00433.9754,W,3.19,350.92,100920,,,A*7A\r\n'
1360
209

120579509
58
acc(-0.9600749, -1.022324, 12.05481)gyro(-0.3161578, 0.008127107, -0.2050429)mag(25.18359, -3.970312, 42.66562)
2036
1360
208

120783514
66
acc(0.06943185, -0.5506664, 6.777985)gyro(0.2514074, -0.6905375, -0.3821072)mag(28.78125, -2.165625, 42.31875)
2038
b'$GPRMC,144015.500,A,4821.6956,N,00433.9756,W,3.53,353.83,100920,,,A*77\r\n'
1362
183

120987510
64
acc(1.575385, 0.4620809, 12.61266)gyro(-0.1139127, 0.1354962, -0.3567933)mag(28.06172, -3.609375, 44.05313)
2037
1360
208

121191519
65
acc(0.7852982, 1.45328, 9.655815)gyro(-0.3742466, 0.4231425, 0.03797091)mag(29.86054, -0.721875, 43.0125)
2051
None
1366
179

121395517
77
acc(0.2274492, -1.077391, 10.60392)gyro(0.4322022, 0.2067749, 0.3795758)mag(32.91855, 1.624219, 43.53281)
2032
1358
201

121599510
64
acc(-1.865083, -2.77488, 12.27747)gyro(0.3694502, 0.412484, 0.6917367)mag(34.89726, 2.165625, 42.66562)
2029
b'$GPRMC,144016.000,A,4821.6961,N,00433.9756,W,3.37,3.43,100920,,,A*7D\r\n'
1351
208

121804559
72
acc(-0.3112462, -1.118092, 7.563283)gyro(0.478167, -0.3919663, -0.4533859)mag(32.55879, 5.233593, 40.41093)
2031
1344
199

122008557
85
acc(1.436521, 0.3543419, 9.76116)gyro(0.1839924, 0.268461, 0.07047934)mag(31.83926, 3.067969, 41.79843)
2039
b'$GPRMC,144016.500,A,4821.6966,N,00433.9756,W,3.46,7.44,100920,,,A*7A\r\n'
1344
209

122212558
74
acc(-0.7374141, 1.264138, 12.27028)gyro(0.8877198, 1.06545, 0.8278991)mag(30.04043, 0.5414062, 42.83906)
2041
1359
206

122417517
97
acc(1.651999, -0.9720459, 7.836222)gyro(-0.894115, -0.2284916, 0.6813446)mag(26.08301, -0.5414062, 41.79843)
2041
b'$GPRMC,144017.000,A,4821.6972,N,00433.9757,W,3.65,16.96,100920,,,A*44\r\n'
1360
199

122622558
81
acc(-1.984793, 0.4884171, 11.97101)gyro(0.2956401, 0.7678117, 0.0490291)mag(32.3789, -1.44375, 44.05313)
2030
1344
223

122826573
80
acc(-1.11091, 0.05027823, 8.41083)gyro(0.1554809, 0.07514243, -0.5005498)mag(31.65937, 5.053125, 41.625)
2039
b'$GPRMC,144017.500,A,4821.6976,N,00433.9759,W,3.19,355.97,100920,,,A*75\r\n'
1360
208

123031512
65
acc(-0.4453215, -1.685518, 9.921572)gyro(0.2584686, -0.2899112, 0.07607504)mag(31.65937, 5.053125, 41.97187)
2038
1355
187

123236558
95
acc(0.1867477, 1.510741, 9.648633)gyro(0.5475805, 0.525997, 0.5120077)mag(27.34219, 0.721875, 43.0125)
2032
None
1345
215

123440564
92
acc(-0.4213795, -0.6081272, 9.054871)gyro(0.5279955, -0.8417551, 0.8513477)mag(23.025, 0.721875, 42.31875)
2032
1344
206

123644574
81
acc(0.9768343, -1.23062, 12.76588)gyro(-0.05915468, -0.2043767, -0.5177366)mag(23.38476, -3.248437, 43.35937)
2037
b'$GPRMC,144018.000,A,4821.6979,N,00433.9761,W,2.86,344.89,100920,,,A*73\r\n'
1346
209

123848565
64
acc(-0.3471592, 0.7374141, 7.666234)gyro(0.3759786, 0.07061256, -0.3942313)mag(23.74453, 0.3609375, 43.0125)
2032
1348
197

124052559
97
acc(0.9600749, 1.513135, 9.64145)gyro(-0.1197749, -0.6705528, 0.1215069)mag(23.20488, -1.263281, 41.79843)
2037
b'$GPRMC,144018.500,A,4821.6982,N,00433.9761,W,2.56,359.70,100920,,,A*75\r\n'
1345
213

124256562
95
acc(1.369483, 1.896208, 10.32859)gyro(0.234487, 0.4866938, 0.2220965)mag(25.00371, -0.9023437, 44.57344)
2036
1352
208

124461531
86
acc(0.7134721, 0.4381389, 6.591237)gyro(-0.3282818, 0.1346968, 0.5502451)mag(21.76582, 1.985156, 41.45156)
2038
b'$GPRMC,144019.000,A,4821.6986,N,00433.9761,W,2.56,8.86,100920,,,A*7B\r\n'
1354
199

124665526
65
acc(1.553837, 1.49877, 12.967)gyro(-0.1300337, -0.3603905, -0.2388836)mag(19.06758, -1.44375, 41.97187)
2033
1344
209
