
83932306
59
acc(1.070208, 0.4405331, 10.44351)gyro(0.1825268, 0.2161011, 0.02371516)mag(22.12559, -34.83047, 38.67656)
2061
b'$GPRMC,143938.500,A,4821.6819,N,00433.9488,W,0.62,243.93,100920,,,A*7C\r\n'
1405
198

84136542
67
acc(-0.4620809, 3.210624, 9.138668)gyro(0.7119878, 0.1630751, -0.4340674)mag(21.9457, -34.28906, 38.85)
2062
1413
195

84341549
60
acc(0.3471592, 2.133234, 9.414001)gyro(0.1069847, 0.2286248, -0.1787963)mag(19.24746, -32.66484, 36.59531)
2060
b'$GPRMC,143939.000,A,4821.6819,N,00433.9491,W,1.89,237.18,100920,,,A*74\r\n'
1407
194

84545527
45
acc(0.5051765, 3.124433, 11.18571)gyro(-0.1859908, 0.1277688, 0.01692037)mag(18.34805, -30.67969, 38.85)
2059
1409
185

84750546
48
acc(-1.532289, 0.8738836, 9.126697)gyro(-0.6467046, -0.1453553, -0.4853615)mag(18.16816, -31.58203, 36.24844)
2054
None
1390
176

84954528
74
acc(0.3351882, 2.087744, 6.845023)gyro(0.06275192, 0.042634, -0.1285682)mag(16.36934, -30.13828, 35.55468)
2064
1403
199

85159538
42
acc(-0.842759, 3.174711, 12.75152)gyro(-0.01372282, -0.02864472, 0.06248546)mag(16.54922, -29.95781, 37.11562)
2053
b'$GPRMC,143939.500,A,4821.6817,N,00433.9495,W,2.38,231.81,100920,,,A*74\r\n'
1405
176

85363534
47
acc(-2.511518, 4.268862, 11.09952)gyro(-0.32202, 0.8846556, -0.1000567)mag(18.16816, -33.38671, 36.94218)
2059
1410
189

85568510
48
acc(1.015141, 1.182736, 8.173804)gyro(-0.1783967, -0.04929556, -0.009859113)mag(18.70781, -30.67969, 37.11562)
2054
b'$GPRMC,143940.000,A,4821.6814,N,00433.9500,W,2.59,236.66,100920,,,A*78\r\n'
1405
186

85772510
49
acc(-4.177882, 5.226542, 16.0603)gyro(0.9432773, -0.03543952, -0.3813078)mag(19.42734, -32.48437, 36.075)
2064
1405
187

85976504
43
acc(0.2418144, 2.41575, 6.423643)gyro(0.1260368, -0.2475437, -0.7050598)mag(16.54922, -28.15312, 35.03438)
2065
b'$GPRMC,143940.500,A,4821.6811,N,00433.9506,W,2.84,237.93,100920,,,A*75\r\n'
1407
187

86180510
71
acc(1.340753, 2.240973, 9.950302)gyro(0.2220965, -0.2474104, 0.1879893)mag(15.46992, -28.51406, 33.99375)
2061
1407
205

86385571
74
acc(-0.4070143, 4.537012, 8.60955)gyro(-0.01851914, 0.7754059, 0.2251608)mag(15.82969, -29.95781, 33.64687)
2061
b'$GPRMC,143941.000,A,4821.6809,N,00433.9512,W,2.63,241.50,100920,,,A*7A\r\n'
1405
191

86589558
48
acc(1.537078, 1.422156, 6.026206)gyro(-0.4467244, 0.2980383, 0.4861609)mag(13.85098, -29.77734, 33.82031)
2063
1393
193

86794520
80
acc(-0.7278373, 2.209848, 11.87524)gyro(-0.1738668, 0.4980185, -0.3885023)mag(17.26875, -31.40156, 32.95312)
2062
b'$GPRMC,143941.500,A,4821.6806,N,00433.9518,W,3.21,239.24,100920,,,A*71\r\n'
1395
193

86999543
64
acc(-1.022324, 1.900996, 7.141904)gyro(-0.08753294, -0.2546049, -0.3409388)mag(16.90898, -28.51406, 35.72812)
2058
1408
186

87203557
61
acc(0.4932055, 1.893814, 8.561666)gyro(0.3614564, 0.2703262, -0.2555375)mag(14.03086, -27.07031, 36.075)
2057
None
1395
187

87407570
66
acc(-1.946486, 4.891354, 11.1474)gyro(0.2462114, -0.2215636, -0.03930322)mag(13.67109, -27.07031, 33.99375)
2064
1407
194

87612519
33
acc(0.03591302, 1.49877, 5.509058)gyro(-0.8518806, 0.1077841, 0.2591348)mag(11.5125, -24.18281, 31.21875)
2063
b'$GPRMC,143942.000,A,4821.6804,N,00433.9524,W,3.52,243.56,100920,,,A*76\r\n'
1411
178

87816509
65
acc(-0.2322376, 2.3535, 11.32936)gyro(0.04116846, -0.4168806, 0.2306233)mag(17.62852, -25.9875, 36.075)
2059
1405
208

88020496
31
acc(-1.987187, 1.733402, 8.726865)gyro(-0.7780705, 0.4100858, -0.5110751)mag(17.44863, -26.5289, 35.55468)
2058
b'$GPRMC,143942.500,A,4821.6802,N,00433.9530,W,3.25,246.61,100920,,,A*71\r\n'
1422
190

88224509
51
acc(0.4884171, 1.534683, 6.414066)gyro(0.4533859, -0.1453553, -0.2252941)mag(16.54922, -25.26562, 36.075)
2065
1405
178

88429573
50
acc(-0.6512229, 1.68073, 13.47936)gyro(0.3978286, 0.2227627, -0.03650537)mag(16.18945, -25.62656, 34.6875)
2056
b'$GPRMC,143943.000,A,4821.6800,N,00433.9536,W,3.38,250.54,100920,,,A*7C\r\n'
1415
240

88634512
77
acc(0.1029507, 4.848258, 7.76679)gyro(0.7279756, 0.4503216, 0.2336876)mag(12.41191, -26.88984, 33.82031)
2052
1408
139

88839572
53
acc(-0.2825158, 0.9840169, 7.015011)gyro(-0.1778637, 0.002931087, 0.225827)mag(15.82969, -26.34844, 35.72812)
2053
b'$GPRMC,143943.500,A,4821.6798,N,00433.9541,W,3.19,248.67,100920,,,A*7D\r\n'
1408
176

89044557
48
acc(-4.446033, 4.015076, 14.23114)gyro(0.5846187, 0.6983982, -0.4000935)mag(16.7291, -25.08516, 35.90156)
2065
1408
202

89249520
59
acc(-1.802834, 1.838747, 6.533776)gyro(0.9047735, -0.3342772, -0.30017)mag(14.93027, -21.11484, 36.94218)
2064
None
1401
210

89453519
50
acc(-0.6464345, 2.70066, 9.85214)gyro(0.07940583, 0.1979816, 0.02438132)mag(13.13145, -20.75391, 33.47343)
2064
1408
206

89658561
66
acc(-2.384625, 5.159505, 10.57279)gyro(-0.1676049, -0.4198117, 0.4628454)mag(9.893554, -22.55859, 32.43281)
2064
b'$GPRMC,143944.000,A,4821.6796,N,00433.9547,W,3.16,245.75,100920,,,A*76\r\n'
1410
187

89863515
58
acc(-0.4477157, 0.9528923, 4.99191)gyro(-0.5531762, 0.06554978, 0.3865039)mag(12.05215, -22.19765, 34.16719)
2057
1391
190

90067503
55
acc(-2.896984, 4.086902, 13.57512)gyro(-0.4457918, 0.1338974, -0.5780904)mag(12.5918, -22.73906, 34.34062)
2059
b'$GPRMC,143944.500,A,4821.6794,N,00433.9553,W,2.96,248.98,100920,,,A*73\r\n'
1417
193

90271542
58
acc(-4.465186, 1.644816, 8.602366)gyro(-0.5922129, 0.04250077, -0.7370353)mag(11.87227, -19.49062, 32.60625)
2062
1408
191

90476558
64
acc(-0.320823, 2.578555, 7.264008)gyro(0.576092, -0.2659296, -0.3709158)mag(9.713672, -16.24219, 33.99375)
2062
b'$GPRMC,143945.000,A,4821.6793,N,00433.9559,W,2.76,247.43,100920,,,A*7D\r\n'
1409
163

90680558
69
acc(-0.7110779, 2.813187, 10.08438)gyro(-0.1807948, -0.05995407, 0.3610567)mag(7.734961, -20.75391, 32.43281)
2065
1408
204

90885526
66
acc(-1.936909, 3.933673, 7.912837)gyro(-0.2034441, 0.2733905, 0.1911869)mag(8.814258, -19.67109, 32.77969)
2065
b'$GPRMC,143945.500,A,4821.6791,N,00433.9565,W,2.38,272.10,100920,,,A*7F\r\n'
1410
176

91089494
47
acc(-0.5913678, 1.628057, 10.02692)gyro(-0.138827, 0.1253706, -0.03250843)mag(12.5918, -20.93437, 35.38125)
2066
1411
193

91294527
65
acc(-4.381389, 3.653552, 11.36288)gyro(0.2964396, -0.001465544, -0.6111317)mag(12.5918, -23.1, 35.03438)
2059
b'$GPRMC,143946.000,A,4821.6790,N,00433.9571,W,3.16,252.92,100920,,,A*78\r\n'
1407
198

91499543
48
acc(0.4572925, 2.3535, 5.11162)gyro(0.5910139, -0.1985146, -0.4965529)mag(10.25332, -17.14453, 35.55468)
2052
1418
197

91704536
61
acc(-1.659182, 2.724602, 11.84891)gyro(-0.0686141, 0.01345636, 0.1124472)mag(10.07344, -20.2125, 32.60625)
2061
None
1411
187

91908533
55
acc(-2.995146, 4.388572, 9.919178)gyro(0.07660797, 0.1259035, 0.5342574)mag(9.893554, -18.58828, 32.08593)
2062
1410
187

92113545
61
acc(-0.3758897, 1.041478, 7.702147)gyro(-0.05702298, 0.1790628, 0.3212206)mag(13.31133, -20.2125, 36.075)
2032
b'$GPRMC,143946.500,A,4821.6790,N,00433.9578,W,3.09,259.11,100920,,,A*7A\r\n'
1403
174

92317636
71
acc(-6.720524, 5.303157, 14.79617)gyro(1.045732, 0.3380077, -0.8165743)mag(11.87227, -20.93437, 36.76875)
2064
1401
182

92521570
74
acc(-0.6631939, 1.261744, 5.08289)gyro(0.2094395, -0.3722481, -0.6754825)mag(9.353906, -15.52031, 35.72812)
2065
b'$GPRMC,143947.000,A,4821.6789,N,00433.9584,W,2.34,258.83,100920,,,A*70\r\n'
1400
182

92725562
51
acc(-0.8595184, 2.296039, 11.21444)gyro(-0.09326189, -0.1116478, 0.02278254)mag(9.353906, -14.07656, 35.03438)
2057
1404
182

92929569
64
acc(-2.549825, 4.125209, 9.31105)gyro(0.04010261, -0.4380644, -0.2420812)mag(7.195312, -15.88125, 32.25937)
2046
b'$GPRMC,143947.500,A,4821.6789,N,00433.9589,W,2.10,296.77,100920,,,A*77\r\n'
1406
208

93133546
77
acc(0.08858546, 0.9433154, 5.193024)gyro(-0.3084303, 0.1060521, 0.07141195)mag(7.555078, -16.60313, 33.3)
2043
1405
206

93338528
61
acc(-1.316811, 3.445256, 11.75074)gyro(-0.3662527, -0.1029878, -0.2687274)mag(7.734961, -16.42266, 32.43281)
2064
b'$GPRMC,143948.000,A,4821.6790,N,00433.9595,W,2.07,304.68,100920,,,A*7A\r\n'
1409
194

93542509
54
acc(-3.284845, 1.838747, 9.715671)gyro(-0.4559174, -0.01452221, -0.6004732)mag(4.676953, -12.27188, 30.525)
2064
1402
195

93746509
64
acc(0.1532289, 0.794875, 4.975151)gyro(0.5322589, -0.2544717, -0.4058224)mag(6.655663, -9.564843, 30.00469)
2044
None
1406
179

93950518
65
acc(-3.526659, 3.236961, 13.93425)gyro(0.5357228, -0.2713921, -0.6881394)mag(6.295898, -8.842968, 31.04531)
2065
1417
186

94155553
48
acc(-3.766079, 5.116409, 8.801085)gyro(-0.09406126, 0.4483232, -0.642974)mag(5.756249, -6.857812, 27.05625)
2064
b'$GPRMC,143948.500,A,4821.6790,N,00433.9601,W,1.22,279.62,100920,,,A*74\r\n'
1408
205

94359566
47
acc(-0.04070143, 1.18513, 5.865794)gyro(0.1533492, -0.07314396, 0.1155115)mag(6.655663, -3.789844, 30.00469)
2060
1406
204

94563536
61
acc(-0.1771709, 2.559402, 11.38204)gyro(0.2841823, -0.03850383, -0.3882359)mag(6.116015, -3.970312, 28.44375)
2053
b'$GPRMC,143949.000,A,4821.6791,N,00433.9606,W,1.40,281.62,100920,,,A*75\r\n'
1403
208

94767525
44
acc(-1.833959, -0.04548983, 5.058948)gyro(-0.5371884, -0.2928423, -0.183193)mag(7.195312, -3.609375, 27.40312)
2058
1402
190

94971533
59
acc(-0.6655881, 1.417367, 6.576872)gyro(0.4031578, -0.06981318, -0.7983217)mag(10.79297, -0.721875, 27.75)
2053
b'$GPRMC,143949.500,A,4821.6793,N,00433.9613,W,1.84,292.82,100920,,,A*72\r\n'
1404
192

95175562
48
acc(-1.146823, 2.588132, 11.12586)gyro(-0.08100461, -0.8686678, 0.4628454)mag(12.95156, -1.44375, 29.83125)
2060
1407
181

95379566
57
acc(-2.109292, 3.548207, 10.76433)gyro(-0.6837428, -0.7767382, 0.4492558)mag(10.79297, -4.692187, 30.17812)
2058
b'$GPRMC,143950.000,A,4821.6796,N,00433.9619,W,2.18,309.89,100920,,,A*7E\r\n'
1406
210

95583561
64
acc(0.6967127, 0.1388637, 8.12592)gyro(-0.4435268, -0.4139495, 0.05675651)mag(14.21074, -9.92578, 35.55468)
2062
1414
176

95788552
54
acc(0.9864111, -1.357512, 11.38682)gyro(-0.4130169, 0.3487994, -0.3745131)mag(20.68652, -13.89609, 37.63594)
2064
b'$GPRMC,143950.500,A,4821.6802,N,00433.9623,W,2.82,321.82,100920,,,A*72\r\n'
1413
179

95992542
67
acc(1.953669, 0.5913678, 6.054936)gyro(0.2960398, 0.7498255, -0.4352665)mag(20.86641, -9.384375, 36.76875)
2057
1411
177

96196496
43
acc(1.661576, -0.6679823, 9.622296)gyro(-0.1444227, -0.1203078, 0.1672052)mag(19.24746, -8.842968, 34.16719)
2059
None
1408
178

96400518
33
acc(-1.055843, 1.209072, 10.08917)gyro(-0.9251578, 1.210672, -0.4111516)mag(19.24746, -9.564843, 33.47343)
2059
1408
182

96605568
79
acc(-0.02873042, -0.08619126, 8.020576)gyro(-0.3905008, 0.4544518, 0.4644442)mag(18.70781, -7.21875, 33.64687)
2063
b'$GPRMC,143951.000,A,4821.6805,N,00433.9628,W,3.61,308.25,100920,,,A*70\r\n'
1408
177

96810543
64
acc(-0.8212111, -0.9552865, 9.696517)gyro(0.1902542, 0.7466279, -0.3182895)mag(22.48535, -9.564843, 34.51406)
2061
1415
185

97015524
51
acc(0.6967127, 0.4118027, 6.10282)gyro(0.4841624, 0.1292343, -0.4675085)mag(19.78711, -7.21875, 31.21875)
2061
b'$GPRMC,143951.500,A,4821.6808,N,00433.9633,W,3.46,317.78,100920,,,A*71\r\n'
1403
181

97220512
42
acc(-0.4692635, -0.05746084, 11.57836)gyro(0.08420216, -0.8569434, -0.06714855)mag(22.48535, -4.511718, 32.43281)
2059
1408
179

97424582
69
acc(-3.900155, 3.404555, 15.54795)gyro(0.2599342, 0.4760353, 0.3206877)mag(25.36348, -7.399218, 32.08593)
2052
b'$GPRMC,143952.000,A,4821.6811,N,00433.9640,W,3.66,6.50,100920,,,A*70\r\n'
1403
207

97628559
55
acc(1.426944, -0.7230489, 6.447585)gyro(-0.3645207, -0.5493125, 0.2604671)mag(26.26289, -7.579687, 34.34062)
2064
1412
208

97833516
80
acc(-2.906561, 0.01675941, 15.29177)gyro(0.9303538, 0.8350935, -0.4684411)mag(28.06172, -6.496875, 33.99375)
2055
b'$GPRMC,143952.500,A,4821.6816,N,00433.9642,W,3.27,334.32,100920,,,A*73\r\n'
1413
190

98037508
62
acc(0.7278373, -0.4979939, 4.369418)gyro(-0.1621424, 0.3094962, -0.2985713)mag(28.06172, -2.165625, 32.25937)
2046
1421
211

98242556
64
acc(-0.4764462, 0.2920926, 13.81694)gyro(0.280585, -0.195317, -0.307098)mag(26.08301, 0.5414062, 32.43281)
2051
None
1419
187

98446568
53
acc(-1.177947, 3.852271, 8.860941)gyro(0.2923093, 0.5121409, 0.1819939)mag(22.84512, -0.9023437, 30.35156)
2064
1424
191

98650558
64
acc(-0.5315128, -0.2202666, 6.938396)gyro(-1.000433, 0.2543385, 0.3916999)mag(21.22617, 3.970312, 29.1375)
2054
b'$GPRMC,143953.000,A,4821.6819,N,00433.9645,W,2.62,342.75,100920,,,A*7D\r\n'
1419
208

98854565
67
acc(-3.268085, -0.344765, 11.72201)gyro(-0.1292343, 0.2184993, -0.2749893)mag(23.025, 2.526562, 29.48438)
2046
1414
208

99059517
58
acc(-2.949656, 1.649605, 9.033323)gyro(0.5895483, -0.2316891, -0.8420216)mag(22.48535, 3.789844, 30.35156)
2055
b'$GPRMC,143953.500,A,4821.6822,N,00433.9648,W,2.69,344.50,100920,,,A*77\r\n'
1406
182

99263496
51
acc(1.280898, 0.332794, 9.059659)gyro(0.5967427, -0.3104288, -0.2498086)mag(21.40605, 6.316406, 28.27031)
2051
1403
185

99467510
50
acc(-1.551443, 4.225766, 9.684546)gyro(-0.2695268, -0.2370184, 0.7030613)mag(23.56465, 4.511718, 29.65781)
2046
b'$GPRMC,143954.000,A,4821.6825,N,00433.9649,W,2.07,4.40,100920,,,A*7D\r\n'
1413
179

99671509
62
acc(1.21386, -0.2226608, 5.26485)gyro(-0.7620828, 0.2247611, 0.8600078)mag(19.24746, 0.9023437, 29.65781)
2051
1412
205

99875577
65
acc(-2.281674, 1.254562, 11.69089)gyro(0.8324288, 0.1738668, -0.1073844)mag(18.88769, -1.624219, 32.08593)
2059
b'$GPRMC,143954.500,A,4821.6827,N,00433.9648,W,1.60,306.00,100920,,,A*7C\r\n'
1422
203

100079557
62
acc(-2.688689, 1.668759, 10.29267)gyro(0.2708591, 0.259268, -0.8782604)mag(20.50664, 3.609375, 31.21875)
2058
1422
200

100284495
54
acc(0.4620809, 0.8738836, 10.15141)gyro(-0.07927259, -0.129634, -0.4744365)mag(21.04629, 3.789844, 30.35156)
2062
b'$GPRMC,143955.000,A,4821.6829,N,00433.9651,W,1.81,314.33,100920,,,A*72\r\n'
1420
201

100488509
32
acc(-4.187459, 4.268862, 14.64054)gyro(-0.4254074, -0.1303002, 0.3682512)mag(23.74453, 3.248437, 29.1375)
2054
1414
179

100692516
39
acc(0.9504981, -0.2154782, 4.93445)gyro(-0.897046, -0.4817642, 0.7510245)mag(23.56465, 4.150781, 31.73906)
2060
None
1417
191

100896515
48
acc(-1.774103, -0.5363012, 14.52562)gyro(0.5511777, -0.1737336, 0.06501685)mag(27.52207, -1.263281, 34.16719)
2058
1408
206

101100506
87
acc(-2.389413, -0.4908113, 10.7356)gyro(0.1456218, 0.8117781, -0.5216003)mag(24.82383, 1.44375, 35.03438)
2058
b'$GPRMC,143955.500,A,4821.6833,N,00433.9652,W,2.01,339.33,100920,,,A*7B\r\n'
1411
199

101304513
78
acc(0.8499416, -0.4118027, 7.187394)gyro(0.2470108, -0.1755988, -0.007594181)mag(25.72324, 2.346094, 34.86094)
2054
1417
194

101508518
39
acc(-3.497929, 1.778892, 15.99327)gyro(-0.4628454, -0.2957734, 0.1196417)mag(26.08301, -0.1804687, 34.16719)
2046
b'$GPRMC,143956.000,A,4821.6834,N,00433.9654,W,2.93,27.15,100920,,,A*4F\r\n'
1419
202

101712508
23
acc(0.4788404, -0.2681506, 6.727707)gyro(-0.7666126, -0.385971, 1.021218)mag(25.90312, 1.082812, 35.03438)
2064
1414
176

101916517
42
acc(-0.08619126, -1.647211, 11.96862)gyro(-0.497752, -0.1853247, 0.4352665)mag(28.42148, -3.970312, 38.15625)
2054
b'$GPRMC,143956.500,A,4821.6837,N,00433.9657,W,5.10,40.31,100920,,,A*41\r\n'
1424
208

102120511
57
acc(-2.140416, -1.386243, 11.71962)gyro(0.5643676, 0.1180429, -0.03730475)mag(27.1623, -3.428906, 37.28906)
2057
1424
194

102325530
79
acc(0.902614, -0.2298434, 6.493075)gyro(0.3202879, -0.07007964, 0.005462481)mag(22.84512, -6.677343, 37.98281)
2063
b'$GPRMC,143957.000,A,4821.6842,N,00433.9659,W,4.69,32.76,100920,,,A*40\r\n'
1423
192

102529524
68
acc(-3.361459, 2.396596, 16.58703)gyro(0.06541655, 0.7371686, 0.7382344)mag(20.68652, -8.482031, 37.98281)
2057
1423
185

102734541
67
acc(0.8140285, 1.549049, 6.327875)gyro(-0.3939648, 0.03663859, 1.205743)mag(15.6498, -9.564843, 35.90156)
2064
None
1413
176

102938553
58
acc(-0.5291186, 0.2466028, 12.54801)gyro(0.06261868, 0.371582, 0.2367519)mag(14.93027, -14.97891, 37.98281)
2046
1408
171

103142555
74
acc(-2.080561, 2.662352, 8.868123)gyro(0.1548147, 0.1540153, 0.1256371)mag(17.08887, -9.92578, 37.98281)
2061
b'$GPRMC,143957.500,A,4821.6846,N,00433.9660,W,2.90,316.80,100920,,,A*77\r\n'
1417
192

103347531
64
acc(-0.5865794, 0.8236053, 5.489904)gyro(0.1857244, -0.1113813, 0.6324487)mag(13.13145, -11.36953, 37.63594)
2064
1418
191

103551525
66
acc(-1.769315, 2.511518, 11.59991)gyro(0.2302236, 0.415948, 0.508677)mag(15.6498, -12.45234, 38.67656)
2052
b'$GPRMC,143958.000,A,4821.6849,N,00433.9662,W,4.35,281.01,100920,,,A*7F\r\n'
1420
177

103755581
72
acc(-2.557007, 4.163517, 9.380483)gyro(0.005196019, -0.07141195, 0.9392804)mag(10.97285, -14.61797, 36.94218)
2063
1410
212

103959515
48
acc(-0.6464345, 0.9720459, 6.627151)gyro(-0.5700965, 0.2923093, 0.6944013)mag(15.11016, -21.65625, 39.89062)
2059
b'$GPRMC,143958.500,A,4821.6849,N,00433.9665,W,4.06,267.58,100920,,,A*79\r\n'
1406
197

104163510
43
acc(0.01915361, 3.083732, 18.06186)gyro(1.066383, 0.410219, 0.4405957)mag(16.36934, -22.55859, 40.41093)
2064
1408
193
