
42878830
78
acc(-1.549049, 4.110844, 10.32859)gyro(0.1546815, 0.0963262, 0.440729)mag(33.99785, 9.203906, 38.32969)
2054
b'$GPRMC,143857.632,V,,,,,0.00,0.00,100920,,,N*4C\r\n'
1440
205

43083563
49
acc(-1.771709, 3.718195, 8.822633)gyro(-0.1404257, 0.5258637, 1.824735)mag(32.55879, 9.203906, 39.71719)
2043
1441
203

43288521
73
acc(-3.184288, 3.983952, 8.391677)gyro(-0.239683, 1.061453, 2.582288)mag(23.74453, 12.63281, 36.075)
2043
None
1431
192

43492519
54
acc(-2.425326, 2.911349, 9.821015)gyro(-0.3317458, 0.5707627, 2.063352)mag(17.08887, 8.842968, 32.08593)
2054
1424
201

43697560
64
acc(-0.7757214, 2.252944, 8.674192)gyro(-0.479899, -0.05262635, 1.498052)mag(8.454492, -1.985156, 32.77969)
2047
b'$GPRMC,143858.132,V,,,,,0.00,0.00,100920,,,N*44\r\n'
1430
186

43901560
69
acc(-1.812411, 4.213795, 9.217676)gyro(0.1127136, 0.2685942, 1.13966)mag(7.555078, -10.82812, 34.6875)
2038
1424
186

44105569
64
acc(-0.4860229, 2.011129, 9.828198)gyro(0.1069847, 0.4872267, 0.3511976)mag(5.936132, -13.17422, 35.90156)
2043
b'$GPRMC,143858.632,V,,,,,0.00,0.00,100920,,,N*43\r\n'
1427
212

44310511
60
acc(-5.252879, 5.41329, 15.73469)gyro(0.3902343, -0.05129404, -0.6526999)mag(9.713672, -13.71562, 36.075)
2040
1422
216

44514569
108
acc(-3.557784, 5.815516, 10.95587)gyro(0.2191654, 0.2717917, 0.350265)mag(5.936132, -12.81328, 35.90156)
2043
b'$GPRMC,143859.132,V,,,,,0.00,0.00,100920,,,N*45\r\n'
1425
207

44718511
61
acc(-0.926556, 2.576161, 8.166622)gyro(-0.3618561, 0.5275958, 0.413683)mag(6.835546, -12.99375, 36.76875)
2022
1436
199

44922567
63
acc(-1.115698, 5.940014, 8.250419)gyro(0.1701363, -0.07620828, 1.597709)mag(8.274609, -19.49062, 37.80937)
2025
b'$GPRMC,143859.632,V,,,,,0.00,0.00,100920,,,N*42\r\n'
1424
204

45126511
75
acc(-0.7996634, 1.932121, 5.726931)gyro(-0.6129971, 0.4495223, 1.460614)mag(11.5125, -22.37813, 37.80937)
2033
1429
181

45331510
76
acc(-1.321599, 2.351106, 10.44351)gyro(-0.06501685, 0.8999771, 0.708657)mag(15.6498, -27.25078, 40.75781)
2053
None
1425
194

45536567
80
acc(-5.849035, 5.904101, 12.68209)gyro(0.08606739, -0.3362757, -0.1794625)mag(17.08887, -23.64141, 43.18594)
2045
1426
208

45741519
45
acc(-1.175553, 3.938462, 7.065289)gyro(-0.6672221, 0.02224962, 0.2451455)mag(14.57051, -21.83672, 41.45156)
2033
b'$GPRMC,143900.087,V,,,,,0.00,0.00,100920,,,N*47\r\n'
1424
202

45945507
51
acc(-1.017536, 3.148375, 9.471462)gyro(0.1344303, -0.07967229, 0.6550981)mag(18.52793, -25.08516, 42.83906)
2061
1430
208

46150531
77
acc(-1.529895, 5.688623, 6.897695)gyro(-0.2371516, 0.4786999, 1.498852)mag(17.62852, -26.70937, 41.625)
2045
b'$GPRMC,143900.128,V,,,,,0.00,0.00,100920,,,N*43\r\n'
1419
211

46354527
64
acc(0.7230489, 1.936909, 7.043741)gyro(-0.5000169, 0.1341639, 1.103688)mag(26.08301, -26.5289, 45.96094)
2058
1428
209

46559552
78
acc(-3.653552, 1.604115, 12.61026)gyro(-0.9410123, -0.06448393, -0.08766616)mag(29.50078, -26.70937, 47.175)
2045
b'$GPRMC,143900.628,V,,,,,0.00,0.00,100920,,,N*44\r\n'
1430
155

46764527
73
acc(-1.814805, -0.9792285, 5.918467)gyro(0.06501685, -0.381974, -0.5782237)mag(36.69609, -32.12344, 45.7875)
2027
1427
178

46969541
71
acc(0.9193734, 0.5985504, 9.308656)gyro(0.3381409, -0.04369986, -0.2977719)mag(34.17773, -35.73281, 43.70625)
2046
b'$GPRMC,143901.128,V,,,,,0.00,0.00,100920,,,N*42\r\n'
1434
203

47173555
81
acc(-2.11408, 2.470816, 12.73476)gyro(-0.5860843, 0.238484, 0.005862175)mag(34.17773, -37.5375, 42.66562)
2058
1443
202

47378573
71
acc(1.137246, 0.3830723, 6.438008)gyro(-0.4445927, 0.381974, -0.485095)mag(34.89726, -38.62031, 41.625)
2055
b'$GPRMC,143901.628,V,,,,,0.00,0.00,100920,,,N*45\r\n'
1433
205

47582560
69
acc(0.8738836, 0.7134721, 10.19212)gyro(-0.09859113, -0.1489525, 0.01478867)mag(36.33633, -36.45468, 43.70625)
2058
1437
210

47787511
53
acc(-1.319205, 1.292869, 10.75475)gyro(0.07301073, -0.1204411, -0.3309464)mag(36.87597, -35.1914, 44.57344)
2059
b'$GPRMC,143902.128,V,,,,,0.00,0.00,100920,,,N*41\r\n'
1424
222

47992566
67
acc(1.01993, 0.5363012, 6.730101)gyro(-0.1368285, 0.1819939, -0.6341807)mag(32.01914, -35.37187, 42.66562)
2033
1425
209

48197520
53
acc(-0.2346318, 1.968034, 11.88242)gyro(0.3256172, 0.2547381, 0.3120276)mag(30.4002, -37.71797, 43.53281)
2037
b'$GPRMC,143902.628,V,,,,,0.00,0.00,100920,,,N*46\r\n'
1419
209

48401569
64
acc(1.108515, 2.990358, 8.561666)gyro(0.2175666, 0.2596677, 0.07487597)mag(30.93984, -38.25937, 40.93125)
2039
1431
204

48606511
58
acc(1.125275, -0.02154782, 8.523358)gyro(-0.1337642, 0.007061257, 0.08366923)mag(32.55879, -37.35703, 42.83906)
2046
b'$GPRMC,143903.128,V,,,,,0.00,0.00,100920,,,N*40\r\n'
1424
210

48810511
65
acc(2.602497, 0.2992752, 11.95664)gyro(-0.3803752, 0.335876, -0.09499389)mag(34.35762, -39.52266, 41.79843)
2035
1426
201

49014507
59
acc(-1.328782, 1.223437, 9.727641)gyro(0.6586953, -0.04969526, 0.2518071)mag(33.99785, -34.10859, 44.92031)
2043
b'$GPRMC,143903.628,V,,,,,0.00,0.00,100920,,,N*47\r\n'
1420
208

49218511
65
acc(0.4525041, -0.01436521, 9.167398)gyro(0.01358959, -0.06808117, -0.1305666)mag(34.35762, -35.91328, 44.22656)
2041
1419
208

49423569
70
acc(-2.954445, 5.734113, 13.34528)gyro(-0.00319755, 0.5639679, 0.819772)mag(28.42148, -36.81562, 41.97187)
2046
b'$GPRMC,143904.128,V,,,,,0.00,0.00,100920,,,N*47\r\n'
1414
206

49627565
90
acc(0.7565677, 0.7038953, 6.083666)gyro(-0.5491792, 0.2534058, 0.6966662)mag(33.63808, -33.38671, 44.92031)
2047
1417
208

49832520
58
acc(0.56982, 1.549049, 11.75314)gyro(0.05529098, 0.2304901, 0.1897213)mag(35.97656, -32.48437, 44.4)
2042
None
1417
209

50037544
73
acc(-1.922544, 1.240196, 9.28232)gyro(-0.3189556, 0.6557642, -0.6596279)mag(35.79668, -33.74765, 45.61406)
2032
1424
207

50242511
77
acc(0.3687071, 1.127669, 6.919243)gyro(0.4996172, -0.2013124, -0.318556)mag(33.81797, -29.95781, 44.74687)
2038
b'$GPRMC,143904.628,V,,,,,0.00,0.00,100920,,,N*40\r\n'
1421
197

50446519
64
acc(-1.412579, 3.976769, 12.5935)gyro(0.3891685, 0.0277121, 0.160144)mag(29.14101, -34.28906, 43.0125)
2046
1431
214

50650519
67
acc(-1.893814, 4.06296, 9.615114)gyro(-0.158412, 0.3373415, 0.5786233)mag(28.96113, -34.10859, 43.53281)
2052
b'$GPRMC,143905.128,V,,,,,0.00,0.00,100920,,,N*46\r\n'
1406
197

50854514
53
acc(0.5722142, 2.123657, 8.106767)gyro(0.568631, -0.2979051, 0.5474473)mag(33.4582, -32.12344, 44.05313)
2055
1424
193

51059544
71
acc(-3.414132, 5.130774, 13.88876)gyro(0.4064886, -0.127902, -0.2651302)mag(34.17773, -33.56719, 45.44062)
2059
b'$GPRMC,143905.628,V,,,,,0.00,0.00,100920,,,N*41\r\n'
1409
196

51263559
64
acc(0.5530606, 2.30801, 6.464345)gyro(0.2415483, -0.3583921, -0.6812114)mag(32.55879, -31.94297, 45.96094)
2051
1415
214

51468579
80
acc(1.580173, 2.312799, 10.21606)gyro(-0.5026815, -0.08806586, 0.2418147)mag(28.78125, -36.45468, 43.35937)
2035
b'$GPRMC,143906.087,V,,,,,0.00,0.00,100920,,,N*41\r\n'
1406
191

51673562
64
acc(-0.9193734, 5.568913, 10.46984)gyro(-0.002398162, 0.04156815, 1.241582)mag(33.4582, -36.09375, 44.74687)
2036
1408
211

51878510
63
acc(1.043872, 0.4979939, 6.67264)gyro(-0.1336309, 0.264997, 1.003631)mag(35.79668, -35.91328, 46.65469)
2016
b'$GPRMC,143906.128,V,,,,,0.00,0.00,100920,,,N*45\r\n'
1418
210

52082530
48
acc(-0.3663129, 1.328782, 12.54322)gyro(-0.8553447, 0.3697167, 0.05209342)mag(41.37304, -32.48437, 45.7875)
2036
1414
217

52286553
66
acc(-2.236184, 1.084573, 9.380483)gyro(0.3494656, 0.3562604, -0.3599908)mag(45.15058, -32.66484, 45.96094)
2038
b'$GPRMC,143906.628,V,,,,,0.00,0.00,100920,,,N*42\r\n'
1411
198

52491536
64
acc(0.5865794, 1.254562, 8.561666)gyro(0.640043, -0.3134931, -0.6380445)mag(40.8334, -32.66484, 45.96094)
2037
1408
201

52696541
69
acc(-2.082955, 4.311957, 11.38922)gyro(-0.1255038, 1.271559, 0.4876264)mag(38.13515, -32.12344, 44.74687)
2039
b'$GPRMC,143907.128,V,,,,,0.00,0.00,100920,,,N*44\r\n'
1414
208

52901532
49
acc(-0.7326257, 3.217807, 9.141062)gyro(-0.2829832, 0.1033875, 0.4676417)mag(39.7541, -29.77734, 47.69531)
2035
1405
208

53106506
48
acc(-0.6153098, 0.5267244, 9.751583)gyro(-0.3322788, 0.2051761, 0.002264931)mag(44.07129, -28.33359, 47.69531)
2052
b'$GPRMC,143907.628,V,,,,,0.00,0.00,100920,,,N*43\r\n'
1409
194

53310509
61
acc(-5.190629, 5.44202, 14.52323)gyro(0.6728178, -0.1926524, 0.04596478)mag(44.9707, -25.9875, 46.48125)
2045
1408
211

53515556
80
acc(-0.7278373, 0.8116343, 5.571307)gyro(0.5462481, -0.4461915, -1.251308)mag(43.35176, -22.55859, 47.69531)
2053
b'$GPRMC,143908.128,V,,,,,0.00,0.00,100920,,,N*4B\r\n'
1402
192

53720508
80
acc(-0.85473, 3.32794, 11.03488)gyro(0.1640077, -0.2688607, -0.2134365)mag(32.3789, -28.875, 46.48125)
2057
1409
211

53925573
77
acc(-2.240973, 4.434062, 8.863335)gyro(0.0515605, -0.2228959, 0.5101424)mag(32.73867, -28.15312, 45.7875)
2037
b'$GPRMC,143908.628,V,,,,,0.00,0.00,100920,,,N*4C\r\n'
1413
205

54130499
49
acc(0.3160346, 0.6799533, 6.435614)gyro(-0.2530062, 0.03690506, 0.367585)mag(33.09844, -26.70937, 48.21562)
2043
1413
208

54334509
29
acc(-1.446098, 0.9888053, 10.53209)gyro(-0.6300506, 0.463778, -0.6288515)mag(37.95527, -28.69453, 47.00156)
2042
None
1408
176

54538509
62
acc(-3.495534, 1.503559, 9.160215)gyro(0.3377412, 0.1546815, -0.7018623)mag(37.05586, -26.70937, 47.175)
2047
1421
207

54742550
75
acc(-0.2274492, 1.611298, 7.199365)gyro(0.9985682, 0.0106585, -0.5253308)mag(28.96113, -28.33359, 48.04218)
2045
b'$GPRMC,143909.128,V,,,,,0.00,0.00,100920,,,N*4A\r\n'
1416
202

54946548
59
acc(-4.515464, 5.554548, 13.39077)gyro(0.3046999, 0.4576493, 0.2804518)mag(25.18359, -27.79219, 44.4)
2035
1403
208

55151512
46
acc(-2.1883, 4.458004, 7.675811)gyro(-0.2975054, -0.1656064, 0.2395498)mag(27.34219, -28.15312, 45.7875)
2044
b'$GPRMC,143909.628,V,,,,,0.00,0.00,100920,,,N*4D\r\n'
1415
171

55356558
67
acc(-1.558625, 1.338359, 9.114726)gyro(-0.02811179, 0.08713324, 0.05662329)mag(29.3209, -28.33359, 47.34844)
2043
1409
192

55561517
101
acc(-4.778827, 2.86586, 13.10825)gyro(0.4236754, 0.6067351, -0.5289281)mag(29.3209, -29.05547, 46.30781)
2033
b'$GPRMC,143910.128,V,,,,,0.00,0.00,100920,,,N*42\r\n'
1408
192

55766557
48
acc(-2.571373, 2.662352, 8.422802)gyro(0.05688975, -0.4524533, -0.5076111)mag(28.42148, -27.07031, 46.48125)
2038
1413
186

55971518
80
acc(0.1843535, 1.568202, 8.511387)gyro(0.1570796, -0.2728576, -0.07913937)mag(28.42148, -29.59687, 45.09375)
2043
b'$GPRMC,143910.628,V,,,,,0.00,0.00,100920,,,N*45\r\n'
1414
186

56176580
85
acc(-2.477999, 6.251261, 13.05319)gyro(0.2066417, -0.005462481, 0.2635314)mag(26.08301, -35.1914, 43.53281)
2056
1397
178

56381519
73
acc(0.7350199, 0.3256114, 5.576096)gyro(-0.9743202, 0.140559, 0.2287581)mag(30.4002, -34.83047, 44.92031)
2058
b'$GPRMC,143911.128,V,,,,,0.00,0.00,100920,,,N*43\r\n'
1409
195

56585510
83
acc(0.6033388, 1.00317, 11.20008)gyro(-0.5053462, -0.03930322, 0.09326189)mag(34.17773, -34.65, 44.05313)
2042
1405
208

56790526
80
acc(-1.78368, 1.42455, 11.75553)gyro(0.05649005, 0.8132436, -0.3392067)mag(37.05586, -34.65, 44.4)
2055
None
1399
201

56995549
91
acc(0.8212111, -0.3902549, 7.019799)gyro(0.4984181, -0.5499786, -0.4334013)mag(36.87597, -33.74765, 44.92031)
2047
1405
208

57200522
59
acc(1.216254, 1.810017, 12.14579)gyro(-0.02238285, -0.03557274, 0.1501516)mag(31.47949, -38.80078, 43.87969)
2051
b'$GPRMC,143911.628,V,,,,,0.00,0.00,100920,,,N*44\r\n'
1395
195

57405542
89
acc(-1.252167, 3.090914, 11.32697)gyro(-0.3218867, 0.511608, 0.6184595)mag(33.09844, -36.09375, 43.70625)
2042
1399
180

57609542
61
acc(0.5602432, 0.3734955, 9.342175)gyro(-0.02184993, -0.008793262, 0.4174135)mag(36.33633, -37.17656, 43.0125)
2057
b'$GPRMC,143912.087,V,,,,,0.00,0.00,100920,,,N*44\r\n'
1392
192

57814524
70
acc(-3.141193, 1.271321, 14.00129)gyro(0.01252374, 0.1120475, 0.06834764)mag(38.49492, -36.45468, 44.4)
2047
1407
183

58019556
86
acc(0.3591303, 0.9050082, 7.249643)gyro(0.6491026, -0.2752558, -0.4323354)mag(39.39433, -33.38671, 44.22656)
2043
b'$GPRMC,143912.128,V,,,,,0.00,0.00,100920,,,N*40\r\n'
1406
202

58223541
83
acc(0.8882488, 0.4429273, 10.47942)gyro(0.3916999, 0.04396632, 0.1151118)mag(35.79668, -35.1914, 43.87969)
2064
1394
187

58427548
49
acc(-1.369483, 4.24492, 10.92474)gyro(-0.2342206, 0.06781471, 0.2931087)mag(33.09844, -34.65, 43.70625)
2055
b'$GPRMC,143912.628,V,,,,,0.00,0.00,100920,,,N*47\r\n'
1397
197

58632527
53
acc(1.374272, -0.08140286, 7.273585)gyro(-0.1392267, 0.08819909, 0.2276922)mag(34.5375, -34.28906, 45.44062)
2054
1398
192

58836549
64
acc(0.1412579, 0.8451532, 12.98854)gyro(-0.3513308, 0.03184227, -0.2699265)mag(39.57421, -35.01094, 43.0125)
2039
b'$GPRMC,143913.128,V,,,,,0.00,0.00,100920,,,N*41\r\n'
1394
174

59040542
63
acc(-0.5793968, -0.5961562, 7.627927)gyro(0.3778438, -0.1326983, -0.2583354)mag(39.21445, -34.28906, 44.74687)
2045
1407
208

59245511
75
acc(0.4118027, 0.629675, 9.406818)gyro(0.1317657, 0.08660031, -0.07554212)mag(35.79668, -33.38671, 43.53281)
2059
b'$GPRMC,143913.628,V,,,,,0.00,0.00,100920,,,N*46\r\n'
1394
183

59450550
77
acc(-1.807622, 3.842694, 12.31099)gyro(0.1288346, 0.4540521, 0.3432037)mag(34.17773, -35.01094, 42.31875)
2046
1389
204

59655516
48
acc(-0.01915361, -0.2011129, 7.433996)gyro(-0.3714487, 0.144023, 0.1978484)mag(35.6168, -33.56719, 44.05313)
2047
b'$GPRMC,143914.128,V,,,,,0.00,0.00,100920,,,N*46\r\n'
1407
206

59859510
51
acc(0.05985504, 1.714248, 10.95108)gyro(0.4425942, -0.3967627, 0.2003798)mag(37.95527, -33.38671, 43.53281)
2046
1403
208

60064558
70
acc(-1.956063, 0.4955997, 8.908825)gyro(-0.479899, 0.577291, -0.6403094)mag(38.13515, -32.48437, 44.74687)
2034
b'$GPRMC,143914.628,V,,,,,0.00,0.00,100920,,,N*41\r\n'
1401
212

60269496
61
acc(1.055843, 1.218649, 6.430826)gyro(-0.1159112, 0.02091731, -0.8163079)mag(33.4582, -31.7625, 44.4)
2042
1399
206

60474573
51
acc(-0.7134721, 2.614468, 12.81616)gyro(0.5800889, -0.4527198, 0.3446692)mag(32.19902, -34.83047, 41.10469)
2046
b'$GPRMC,143915.128,V,,,,,0.00,0.00,100920,,,N*47\r\n'
1395
201

60679509
53
acc(-0.4979939, 2.765303, 9.878476)gyro(0.1993139, 0.5113416, 0.06315161)mag(33.81797, -36.45468, 42.31875)
2057
1398
206

60884509
66
acc(0.4932055, -0.04070143, 9.344569)gyro(-0.1005896, 0.04836294, -0.07167841)mag(35.25703, -35.01094, 42.66562)
2046
b'$GPRMC,143915.628,V,,,,,0.00,0.00,100920,,,N*40\r\n'
1398
205

61088509
58
acc(-1.407791, 0.05267244, 11.3126)gyro(-0.1696034, 0.4408622, -0.572095)mag(35.25703, -34.65, 41.27812)
2054
1393
198

61293555
77
acc(0.7398083, 0.3902549, 6.880936)gyro(0.3404058, -0.1215069, -0.3782435)mag(35.6168, -33.20625, 43.0125)
2039
None
1388
210

61498517
53
acc(1.810017, 0.9337386, 9.742006)gyro(-0.2892451, -0.7799358, -0.06688209)mag(32.55879, -36.27422, 40.41093)
2053
1389
190

61703557
77
acc(1.766921, 3.799598, 9.378088)gyro(0.6991977, -0.2141026, 0.4365988)mag(31.29961, -38.62031, 39.19687)
2064
b'$GPRMC,143916.128,V,,,,,0.00,0.00,100920,,,N*44\r\n'
1392
195

61908517
71
acc(1.534683, 0.4333505, 8.008605)gyro(-0.3057657, 0.08713324, 0.2207642)mag(32.91855, -39.16172, 39.37031)
2034
1391
208

62113570
80
acc(2.676718, -0.1747767, 11.34852)gyro(-0.1738668, -0.1342971, -0.06661563)mag(36.51621, -39.88359, 40.75781)
2047
b'$GPRMC,143916.628,V,,,,,0.00,0.00,100920,,,N*43\r\n'
1397
203

62317525
53
acc(-0.4572925, -1.067814, 9.066842)gyro(0.780069, 0.3345437, -0.4367321)mag(35.6168, -38.98125, 39.89062)
2039
1392
195

62522549
55
acc(0.9481038, 0.7565677, 8.90643)gyro(-0.09579327, 0.003464013, -0.1606769)mag(31.65937, -40.06406, 41.27812)
2044
b'$GPRMC,143917.128,V,,,,,0.00,0.00,100920,,,N*45\r\n'
1386
192

62727525
71
acc(-0.1891419, 1.467646, 13.05319)gyro(0.2704594, 0.5474473, 0.06768148)mag(33.4582, -39.70312, 39.54375)
2063
1401
192

62932558
81
acc(-0.2346318, 2.568978, 9.519346)gyro(0.01785299, 0.3909005, 0.3541287)mag(31.29961, -39.34219, 39.19687)
2055
b'$GPRMC,143917.628,V,,,,,0.00,0.00,100920,,,N*42\r\n'
1391
177

63137526
66
acc(1.410185, 1.106121, 9.222465)gyro(-0.05822206, 0.1851915, 0.1501516)mag(33.09844, -38.62031, 41.625)
2042
1387
210
