
S42727731
0
a(-2.262521, 2.336741, 9.555259)g(0.02011792, 0.0596876, -0.002264931)m(-5.036718, -29.23594, 30.525)
2073
$GPRMC,000024.299,V,,,,,0.00,0.00,060180,,,N*46\r
1349
1823

S42931516
0
a(-2.272097, 2.224213, 9.495404)g(0.0277121, 0.06008729, 0.0003996938)m(-5.756249, -27.07031, 30.17812)
2076
1348
1878

S43136558
0
a(-2.229002, 2.240973, 9.423578)g(0.03397397, 0.06275192, 0.005995407)m(-5.036718, -27.43125, 29.83125)
2070

1344
1850

S43340565
0
a(-2.066196, 1.805228, 9.718064)g(0.03117611, 0.03050995, 0.0106585)m(-4.676953, -27.79219, 30.525)
2070
1360
1888

S43545508
0
a(-1.912967, 1.788469, 9.248801)g(0.07940583, 0.175732, 0.006261869)m(-5.396484, -28.51406, 31.56562)
2067
$GPRMC,000024.799,V,,,,,0.00,0.00,060180,,,N*43\r
1345
1822

S43750500
0
a(-2.066196, 2.542642, 9.643845)g(0.02837825, 0.083536, 0.003464013)m(-3.777539, -28.69453, 30.69844)
2064
1345
1812

S43954514
0
a(-2.200271, 2.185906, 9.576807)g(0.04090199, 0.1049862, -0.0021317)m(-5.216601, -28.69453, 28.96406)
2065
$GPRMC,000025.299,V,,,,,0.00,0.00,060180,,,N*47\r
1339
1818

S44159557
0
a(-2.293645, 2.248155, 9.454702)g(0.0234487, 0.04556509, -0.006528332)m(-4.856836, -26.88984, 30.00469)
2064
1345
1831

S44363516
0
a(-2.418144, 2.303222, 9.452309)g(0.02544717, 0.06967995, -0.002664625)m(-4.137304, -26.88984, 30.35156)
2078
$GPRMC,000025.799,V,,,,,0.00,0.00,060180,,,N*42\r
1344
1841

S44568516
0
a(-2.243367, 2.240973, 9.516952)g(0.01878561, 0.04982849, -0.002264931)m(-6.116015, -27.79219, 29.48438)
2068
1335
1792

S44772506
0
a(-2.195483, 2.20506, 9.572019)g(0.02598009, 0.05315928, -0.007993875)m(-5.936132, -27.61172, 30.35156)
2074
$GPRMC,000026.299,V,,,,,0.00,0.00,060180,,,N*44\r
1341
1807

S44977562
0
a(-2.214637, 2.262521, 9.514558)g(0.02184993, 0.06208577, 0.003464013)m(-5.936132, -27.97266, 31.04531)
2064
1337
1807

S45182508
0
a(-2.245761, 2.322376, 9.576807)g(0.02478101, 0.06181931, -0.00106585)m(-3.777539, -29.77734, 31.04531)
2071

1336
1871

S45386525
0
a(-2.30801, 2.248155, 9.526528)g(0.02651302, 0.06568301, -0.001998469)m(-6.475781, -28.15312, 30.87188)
2064
1355
1824

S45590510
0
a(-2.497152, 2.367866, 9.382876)g(0.02224962, 0.08806586, -0.001465544)m(-5.396484, -29.95781, 30.87188)
2065
$GPRMC,000026.799,V,,,,,0.00,0.00,060180,,,N*41\r
1347
1853

S45795550
0
a(-2.243367, 2.161964, 9.500193)g(0.02518071, 0.04996172, -0.004130169)m(-6.655663, -27.61172, 30.69844)
2059
1358
1888

S46000508
0
a(-2.229002, 2.231396, 9.543288)g(0.0234487, 0.05076111, -0.00319755)m(-6.475781, -28.15312, 31.21875)
2068
$GPRMC,000027.299,V,,,,,0.00,0.00,060180,,,N*45\r
1346
1829

S46205572
0
a(-2.255338, 2.317587, 9.56723)g(0.02158346, 0.05609035, 0.0)m(-4.137304, -26.88984, 31.73906)
2064
1350
1778

S46409567
0
a(-2.296039, 2.221819, 9.55047)g(0.02544717, 0.06368454, -0.002398162)m(-5.216601, -27.61172, 31.04531)
2071
$GPRMC,000027.799,V,,,,,0.00,0.00,060180,,,N*40\r
1347
1893

S46614511
0
a(-2.288857, 2.25055, 9.507375)g(0.0234487, 0.05422512, -0.001732006)m(-4.49707, -27.25078, 30.35156)
2067
1355
1803

S46819553
0
a(-2.260126, 2.27928, 9.524135)g(0.02637979, 0.05768914, -0.007860644)m(-5.216601, -27.97266, 29.31094)
2064
$GPRMC,000028.299,V,,,,,0.00,0.00,060180,,,N*4A\r
1361
1877

S47023565
0
a(-2.011129, 2.176329, 9.706094)g(0.019585, 0.03344104, 0.002931087)m(-5.396484, -26.70937, 29.48438)
2063
1351
1819

S47227562
0
a(-2.298434, 2.561796, 9.509769)g(0.02384839, 0.07061256, -0.008793262)m(-4.317187, -27.79219, 30.87188)
2076
$GPRMC,000028.799,V,,,,,0.00,0.00,060180,,,N*4F\r
1352
1874

S47431558
0
a(-1.702277, 1.194707, 9.701305)g(0.06621593, 0.06594947, -0.002398162)m(-4.49707, -27.61172, 29.65781)
2062
1360
1853

S47636510
0
a(-2.334347, 2.772485, 9.457097)g(0.01785299, 0.08393568, -0.003730475)m(-5.936132, -28.33359, 31.73906)
2067

1360
1821

S47840514
0
a(-2.351106, 2.236184, 9.519346)g(0.02584686, 0.05036141, -0.006661563)m(-5.216601, -29.05547, 29.65781)
2077
1353
1807

S48044513
0
a(-2.276886, 2.169147, 9.564836)g(0.02331547, 0.03690506, -0.004796325)m(-3.597656, -27.79219, 30.17812)
2070
$GPRMC,000029.299,V,,,,,0.00,0.00,060180,,,N*4B\r
1376
1887

S48249506
0
a(-2.300828, 2.58095, 9.41879)g(0.03703828, 0.06515008, -0.003064319)m(-6.295898, -28.33359, 30.00469)
2074
1367
1808

S48453513
0
a(-2.334347, 2.173935, 9.564836)g(0.02651302, 0.05275958, -0.002398162)m(-3.957421, -28.15312, 30.525)
2064
$GPRMC,000029.799,V,,,,,0.00,0.00,060180,,,N*4E\r
1360
1891

S48658569
0
a(-2.346318, 2.317587, 9.52174)g(0.02478101, 0.07221134, -0.001865237)m(-4.317187, -28.51406, 30.17812)
2080
1370
1867

S48862545
0
a(-2.238579, 1.977611, 9.43076)g(0.02411486, 0.03024349, 0.01305666)m(-4.137304, -29.77734, 31.04531)
2069
$GPRMC,000030.299,V,,,,,0.00,0.00,060180,,,N*43\r
1369
1836

S49067510
0
a(-1.980005, 2.154782, 9.677363)g(0.02744564, 0.06954671, -0.001865237)m(-4.49707, -27.97266, 29.31094)
2064
1365
1817

S49272533
0
a(-2.257732, 2.434903, 9.516952)g(0.02118377, 0.07167841, -0.001332313)m(-5.216601, -27.61172, 31.04531)
2070
$GPRMC,000030.799,V,,,,,0.00,0.00,060180,,,N*46\r
1360
1863

S49477553
0
a(-2.461239, 2.41575, 9.224859)g(0.02704594, 0.07887291, 0.002797856)m(-3.597656, -29.23594, 30.87188)
2064
1360
1856

S49682558
0
a(-1.893814, 2.506729, 9.56723)g(0.02171669, 0.06355131, 0.0007993876)m(-4.137304, -29.05547, 30.69844)
2071

1360
1811

S49886545
0
a(-2.231396, 2.126051, 9.643845)g(0.0277121, 0.07127872, -0.0021317)m(-5.036718, -27.79219, 31.21875)
2057
1361
1850

S50090558
0
a(-2.164358, 1.474828, 10.17536)g(-0.003330781, -0.001598775, -0.01132466)m(-4.137304, -28.69453, 28.61719)
2065
$GPRMC,000031.299,V,,,,,0.00,0.00,060180,,,N*42\r
1351
1883

S50294572
0
a(-2.499547, 2.631228, 9.514558)g(0.02677948, 0.1037871, -0.006528332)m(-4.137304, -27.61172, 29.65781)
2071
1360
1881

S50499507
0
a(-2.224213, 2.458845, 9.471462)g(0.01612098, 0.05555744, -0.001465544)m(-3.23789, -27.79219, 31.56562)
2070
$GPRMC,000031.799,V,,,,,0.00,0.00,060180,,,N*47\r
1357
1808

S50703516
0
a(-2.219425, 2.116474, 9.536105)g(0.02864472, 0.04543186, -0.003464013)m(-5.216601, -28.33359, 31.73906)
2062
1363
1886

S50908543
0
a(-2.286463, 2.360683, 9.562442)g(0.02438132, 0.06488362, 0.002531394)m(-5.936132, -28.69453, 32.43281)
2067
$GPRMC,000032.299,V,,,,,0.00,0.00,060180,,,N*41\r
1360
1809

S51112587
0
a(-2.260126, 2.252944, 9.617508)g(0.02025115, 0.06301838, 0.001199081)m(-4.856836, -27.97266, 30.69844)
2064
1370
1872

S51317516
0
a(-2.267309, 2.255338, 9.548077)g(0.02571363, 0.05862175, -0.002797856)m(-4.317187, -27.43125, 30.17812)
2079
$GPRMC,000032.799,V,,,,,0.00,0.00,060180,,,N*44\r
1366
1891

S51522505
0
a(-2.511518, 2.255338, 9.595961)g(0.04489893, 0.1385605, -0.001865237)m(-5.396484, -27.43125, 31.21875)
2071
1361
1856

S51727559
0
a(-2.27928, 2.226608, 9.5385)g(0.02278254, 0.05502451, -0.002531394)m(-4.856836, -28.69453, 28.61719)
2064
$GPRMC,000033.299,V,,,,,0.00,0.00,060180,,,N*40\r
1354
1799

S51931549
0
a(-2.178724, 2.32477, 9.461885)g(0.01798622, 0.04583155, -0.002264931)m(-6.116015, -28.875, 29.83125)
2064
1362
1808

S52136516
0
a(-2.252944, 2.252944, 9.56723)g(0.03237519, 0.06674886, -0.003996938)m(-3.058008, -27.25078, 30.00469)
2074

1361
1822

S52341564
0
a(-2.269703, 2.303222, 9.552865)g(0.02571363, 0.06594947, -0.004663094)m(-4.317187, -27.79219, 31.21875)
2064
1363
1882

S52546508
0
a(-2.286463, 2.276886, 9.555259)g(0.02584686, 0.06181931, -0.005728944)m(-5.396484, -28.875, 29.83125)
2070
$GPRMC,000033.799,V,,,,,0.00,0.00,060180,,,N*45\r
1350
1873

S52751564
0
a(-2.240973, 2.262521, 9.555259)g(0.02478101, 0.05915468, -0.004529863)m(-4.856836, -28.33359, 31.73906)
2075
1361
1765

S52956492
0
a(-2.221819, 2.334347, 9.473856)g(0.02584686, 0.05782237, -0.005728944)m(-5.036718, -29.23594, 30.525)
2069
$GPRMC,000034.299,V,,,,,0.00,0.00,060180,,,N*47\r
1360
1891

S53160511
0
a(-2.269703, 2.319981, 9.536105)g(0.02944411, 0.05888822, -0.0003996938)m(-5.756249, -27.79219, 30.525)
2070
1363
1830

S53365560
0
a(-2.240973, 2.226608, 9.560047)g(0.03077642, 0.05942113, -0.001598775)m(-5.936132, -27.97266, 28.61719)
2065
$GPRMC,000034.799,V,,,,,0.00,0.00,060180,,,N*42\r
1360
1834

S53569563
0
a(-2.260126, 2.257732, 9.576807)g(0.02078407, 0.06128638, -0.007993875)m(-4.137304, -27.97266, 30.35156)
2065
1357
1887

S53773563
0
a(-2.262521, 2.214637, 9.509769)g(0.02624656, 0.0579556, -0.005462481)m(-4.137304, -29.41641, 30.35156)
2067
$GPRMC,000035.299,V,,,,,0.00,0.00,060180,,,N*46\r
1361
1851

S53977540
0
a(-2.281674, 2.288857, 9.540894)g(0.02664625, 0.05875498, -0.001598775)m(-5.216601, -29.41641, 30.00469)
2061
1371
1815

S54182507
0
a(-2.281674, 2.255338, 9.548077)g(0.02797856, 0.06062022, -0.0021317)m(-4.137304, -28.33359, 30.69844)
2071

1361
1854

S54387571
0
a(-2.245761, 2.291251, 9.5385)g(0.02424809, 0.06128638, -0.005862175)m(-4.137304, -28.33359, 30.69844)
2069
1366
1898

S54592511
0
a(-2.272097, 2.274492, 9.552865)g(0.02398163, 0.06248546, -0.0021317)m(-3.777539, -28.69453, 30.69844)
2070
$GPRMC,000035.799,V,,,,,0.00,0.00,060180,,,N*43\r
1354
1856

S54796563
0
a(-2.25055, 2.217031, 9.528923)g(0.02238285, 0.06062022, -0.001865237)m(-3.417773, -27.25078, 30.35156)
2073
1360
1862

S55001496
0
a(-2.25055, 2.312799, 9.574412)g(0.02398163, 0.0554242, -0.002531394)m(-5.036718, -28.51406, 30.17812)
2067
$GPRMC,000036.299,V,,,,,0.00,0.00,060180,,,N*45\r
1360
1806

S55205523
0
a(-2.269703, 2.262521, 9.557653)g(0.02598009, 0.062219, -0.0007993876)m(-5.936132, -26.16797, 30.00469)
2080
1351
1803

S55410563
0
a(-2.257732, 2.293645, 9.533711)g(0.02784533, 0.06062022, -0.005595713)m(-5.396484, -27.07031, 31.9125)
2064
$GPRMC,000036.799,V,,,,,0.00,0.00,060180,,,N*40\r
1365
1823

S55614557
0
a(-2.257732, 2.284068, 9.55047)g(0.02651302, 0.05395866, -0.005728944)m(-5.036718, -28.875, 30.17812)
2067
1367
1806

S55819514
0
a(-2.255338, 2.274492, 9.552865)g(0.02478101, 0.06101991, 0.0001332313)m(-5.756249, -31.04062, 29.1375)
2064
$GPRMC,000037.299,V,,,,,0.00,0.00,060180,,,N*44\r
1365
1856

S56023507
0
a(-2.260126, 2.276886, 9.583989)g(0.02331547, 0.06288515, -0.006794794)m(-4.856836, -27.97266, 29.65781)
2078
1370
1857

S56228557
0
a(-2.202666, 2.293645, 9.598354)g(0.01905207, 0.05888822, -0.001998469)m(-4.317187, -28.875, 29.83125)
2062
$GPRMC,000037.799,V,,,,,0.00,0.00,060180,,,N*41\r
1371
1898

S56432554
0
a(-2.238579, 2.298434, 9.519346)g(0.0255804, 0.06128638, -0.005862175)m(-2.878125, -28.875, 30.87188)
2071
1364
1891

S56637509
0
a(-2.267309, 2.264915, 9.490616)g(0.02504747, 0.06381777, -0.003464013)m(-4.49707, -28.69453, 30.35156)
2064

1360
1885

S56842571
0
a(-2.252944, 2.260126, 9.514558)g(0.02371516, 0.06155284, -0.003996938)m(-4.49707, -27.97266, 30.69844)
2064
1361
1890

S57047528
0
a(-2.252944, 2.293645, 9.519346)g(0.02251608, 0.05515773, -0.007061257)m(-5.216601, -29.05547, 31.04531)
2067
$GPRMC,000038.299,V,,,,,0.00,0.00,060180,,,N*4B\r
1355
1883

S57251541
0
a(-2.260126, 2.264915, 9.588778)g(0.03144258, 0.05915468, -0.003730475)m(-4.317187, -28.15312, 30.87188)
2077
1367
1863

S57456526
0
a(-2.243367, 2.252944, 9.572019)g(0.02158346, 0.06275192, -0.001465544)m(-5.216601, -29.05547, 31.73906)
2062
$GPRMC,000038.799,V,,,,,0.00,0.00,060180,,,N*4E\r
1368
1859

S57661546
0
a(-2.264915, 2.293645, 9.490616)g(0.02917764, 0.05928791, 0.0002664625)m(-5.216601, -28.69453, 30.69844)
2066
1376
1815

S57866532
0
a(-2.238579, 2.293645, 9.528923)g(0.03050995, 0.06088669, -0.001598775)m(-4.856836, -27.61172, 30.69844)
2073
$GPRMC,000039.299,V,,,,,0.00,0.00,060180,,,N*4A\r
1383
1874

S58070530
0
a(-2.221819, 2.262521, 9.490616)g(0.02145023, 0.05995407, -0.00319755)m(-5.036718, -28.51406, 31.9125)
2063
1376
1807

S58274530
0
a(-2.27928, 2.286463, 9.545682)g(0.02757887, 0.05728944, -0.0002664625)m(-5.396484, -28.51406, 30.17812)
2077
$GPRMC,000039.799,V,,,,,0.00,0.00,060180,,,N*4F\r
1375
1886

S58479549
0
a(-2.248155, 2.315193, 9.555259)g(0.02544717, 0.05702298, 0.0009326187)m(-5.756249, -27.43125, 31.56562)
2074
1361
1845

S58683539
0
a(-2.264915, 2.272097, 9.605537)g(0.02598009, 0.05768914, -0.007327719)m(-4.676953, -26.70937, 31.56562)
2045

1363
1894

S58888570
0
a(-2.224213, 2.296039, 9.509769)g(0.02571363, 0.05595713, -0.006661563)m(-5.216601, -29.05547, 30.35156)
2070
1367
1895

S59092526
0
a(-2.269703, 2.224213, 9.52174)g(0.02478101, 0.05675651, -0.0021317)m(-5.576367, -28.33359, 31.39219)
2071
$GPRMC,000040.299,V,,,,,0.00,0.00,060180,,,N*44\r
1369
1872

S59296555
0
a(-2.276886, 2.15957, 9.555259)g(0.02717917, 0.06554978, -0.005595713)m(-5.216601, -27.61172, 30.69844)
2074
1374
1872

S59501528
0
a(-2.243367, 2.300828, 9.548077)g(0.02491424, 0.0515605, -0.003597244)m(-5.216601, -28.33359, 30.35156)
2077
$GPRMC,000040.799,V,,,,,0.00,0.00,060180,,,N*41\r
1371
1888

S59705521
0
a(-2.245761, 2.310405, 9.526528)g(0.02611332, 0.06381777, -0.007594181)m(-4.856836, -27.61172, 30.69844)
2071
1375
1888

S59910544
0
a(-2.286463, 2.207454, 9.557653)g(0.02438132, 0.06288515, -0.003064319)m(-5.396484, -27.43125, 30.17812)
2075
$GPRMC,000041.299,V,,,,,0.00,0.00,060180,,,N*45\r
1374
1883

S60114532
0
a(-2.219425, 2.336741, 9.564836)g(0.02251608, 0.04982849, -0.005462481)m(-4.49707, -27.25078, 29.65781)
2062
1381
1879

S60319530
0
a(-2.224213, 2.274492, 9.56723)g(0.02664625, 0.06195253, -0.005595713)m(-2.158594, -27.43125, 29.48438)
2074
$GPRMC,000041.799,V,,,,,0.00,0.00,060180,,,N*40\r
1370
1878

S60523557
0
a(-2.27928, 2.200271, 9.595961)g(0.02464778, 0.06181931, -0.002264931)m(-6.116015, -27.43125, 29.1375)
2074
1399
1889

S60728508
0
a(-2.248155, 2.317587, 9.52174)g(0.02318224, 0.05662329, -0.006128638)m(-4.317187, -28.15312, 29.83125)
2067
$GPRMC,000042.299,V,,,,,0.00,0.00,060180,,,N*46\r
1370
1826

S60932525
0
a(-2.231396, 2.274492, 9.507375)g(0.02318224, 0.06275192, -0.004130169)m(-6.295898, -29.05547, 29.65781)
2064
1382
1886

S61137544
0
a(-2.252944, 2.238579, 9.497798)g(0.02518071, 0.06128638, -0.005995407)m(-4.676953, -28.15312, 30.525)
2074

1363
1829

S61341562
0
a(-2.260126, 2.288857, 9.56723)g(0.02531394, 0.05649005, -0.001865237)m(-5.396484, -27.79219, 30.525)
2074
1372
1847

S61545555
0
a(-2.248155, 2.315193, 9.507375)g(0.02784533, 0.06075345, -0.001332313)m(-6.475781, -28.15312, 29.48438)
2070
$GPRMC,000042.799,V,,,,,0.00,0.00,060180,,,N*43\r
1377
1856

S61749568
0
a(-2.288857, 2.267309, 9.581595)g(0.02184993, 0.05782237, -0.003597244)m(-6.116015, -28.875, 30.525)
2073
1376
1899

S61954508
0
a(-2.23379, 2.30801, 9.588778)g(0.02611332, 0.05875498, -0.001732006)m(-4.856836, -27.97266, 29.31094)
2071
$GPRMC,000043.299,V,,,,,0.00,0.00,060180,,,N*47\r
1378
1824

S62158557
0
a(-2.240973, 2.327164, 9.526528)g(0.02424809, 0.06168607, -0.002664625)m(-4.676953, -28.51406, 30.17812)
2079
1378
1835

S62363516
0
a(-2.197877, 2.274492, 9.548077)g(0.02478101, 0.05822206, -0.006128638)m(-4.676953, -28.51406, 30.525)
2070
$GPRMC,000043.799,V,,,,,0.00,0.00,060180,,,N*42\r
1381
1888

S62567515
0
a(-2.252944, 2.298434, 9.579201)g(0.02491424, 0.05688975, -0.004130169)m(-3.417773, -28.69453, 30.00469)
2062
1371
1890

S62772564
0
a(-2.269703, 2.269703, 9.52174)g(0.02651302, 0.05249311, -0.005462481)m(-5.936132, -27.97266, 30.35156)
2073
$GPRMC,000044.299,V,,,,,0.00,0.00,060180,,,N*40\r
1383
1786

S62977504
0
a(-2.312799, 2.284068, 9.588778)g(0.02598009, 0.06115315, -0.00319755)m(-3.957421, -28.875, 31.9125)
2069
1373
1824
