1857723
132
acc(-0.7876924, 0.9433154, 10.37647)gyro(-0.08007198, 1.002165, -0.9398132)mag(21.58594, 5.414062, 36.42187)
2065
None
1494
243

2062544
102
acc(-2.89459, 0.213084, 9.244013)gyro(0.1613431, 0.3944978, 0.1181761)mag(22.48535, 9.203906, 34.86094)
2055
1488
243

2267516
118
acc(-3.627216, -0.1771709, 8.8777)gyro(-0.05036141, 0.5341241, -0.4765682)mag(24.82383, 15.52031, 31.21875)
2064
b'$PMTK001,314,3*36\r\n'
1488
235

2472553
125
acc(-3.052607, -0.2082956, 8.875306)gyro(-0.06901379, 0.3831731, -0.1556141)mag(29.86054, 19.12969, 28.44375)
2053
1483
240

2676508
110
acc(-4.589684, -0.9816227, 8.305486)gyro(0.05502451, -0.1200414, 0.293242)mag(29.68066, 20.03203, 27.92344)
2064
b'$GPRMC,235943.800,V,,,,,0.00,0.00,050180,,,N*43\r\n'
1486
230

2881599
79
acc(-4.786009, -0.5267244, 8.590396)gyro(0.1144457, 0.1802619, -0.1794625)mag(29.68066, 20.75391, 27.57656)
2063
1479
243

3085578
81
acc(-4.378995, -0.02394202, 8.681376)gyro(0.2063752, -0.06181931, 0.08966463)mag(29.14101, 19.85156, 26.3625)
2059
b'$PMTK001,314,3*36\r\n'
1488
218

3289570
64
acc(-4.29041, -0.04070143, 8.801085)gyro(0.07007964, 0.07940583, -0.009059726)mag(28.78125, 20.57344, 28.44375)
2062
1491
226

3494524
90
acc(-4.402937, 0.09576806, 8.863335)gyro(0.09965697, -0.1314992, 0.1552144)mag(27.34219, 20.57344, 27.40312)
2061
b'$PMTK001,314,3*36\r\n'
1478
208

3698522
86
acc(-3.157952, 0.5770026, 8.939949)gyro(0.1297672, -0.4019587, 0.3477335)mag(26.26289, 18.04687, 30.525)
2055
1485
223

3902507
74
acc(-2.126051, 0.7996634, 9.684546)gyro(0.05089435, -0.6560307, 0.1560138)mag(21.40605, 11.00859, 35.20781)
2053
b'$PMTK001,314,3*36\r\n'
1477
215

4106527
64
acc(-0.7254431, 1.151611, 10.24479)gyro(0.09792498, -0.9015759, 0.3057657)mag(21.9457, 6.857812, 37.80937)
2063
1488
221

4310528
55
acc(0.6823475, 1.127669, 9.598354)gyro(0.2663293, -0.7351701, 0.5110751)mag(21.22617, -1.804687, 39.54375)
2045
b'$GPRMC,235944.799,V,,,,,0.00,0.00,050180,,,N*4B\r\n'
1479
219

4515568
65
acc(1.80044, 1.022324, 9.524135)gyro(0.01758653, 0.1891884, -0.07420981)mag(17.8084, -6.316406, 41.10469)
2052
1472
219

4720521
83
acc(1.651999, 1.568202, 10.12747)gyro(0.02491424, -0.18266, 0.21317)mag(16.7291, -5.955468, 39.37031)
2056
b'$PMTK001,314,3*36\r\n'
1483
208

4924500
64
acc(1.503559, 1.177947, 10.15141)gyro(0.01425574, -0.3196218, 0.2534058)mag(18.52793, -9.92578, 40.75781)
2051
1483
208

5129558
69
acc(2.401384, 0.770933, 9.3733)gyro(-0.03690506, -0.06168607, 0.04769679)mag(19.24746, -13.17422, 42.83906)
2047
b'$PMTK001,314,3*36\r\n'
1489
208

5333583
77
acc(2.96881, 0.9696517, 9.545682)gyro(-0.05462481, 0.3523967, -0.1324319)mag(18.16816, -16.06172, 44.22656)
2064
1479
208

5538526
74
acc(2.410961, 0.8714894, 9.773131)gyro(-0.01252374, 0.4127504, -0.09472742)mag(19.24746, -12.45234, 42.49218)
2058
b'$PMTK001,220,3*30\r\n'
1485
198

5742518
66
acc(2.109292, 0.7972692, 9.605537)gyro(0.2566034, 0.2403492, 0.04982849)mag(19.06758, -9.384375, 44.74687)
2053
1494
207

5946507
70
acc(1.853112, 0.8499416, 9.655815)gyro(0.1777305, 0.4735039, -0.2255605)mag(18.52793, -5.594531, 41.10469)
2045
b'$GPRMC,235945.799,V,,,,,0.00,0.00,050180,,,N*4A\r\n'
1477
212

6150514
64
acc(0.4764462, 1.661576, 9.394848)gyro(0.02691271, 0.5250644, 0.0472971)mag(17.98828, -4.33125, 41.625)
2063
1482
207

6354528
75
acc(0.05985504, 1.37906, 10.09156)gyro(-0.09152987, 0.09033078, -0.2928423)mag(19.06758, 0.3609375, 39.89062)
2063
b'$PMTK001,220,3*30\r\n'
1467
208

6559573
65
acc(-0.3567361, 1.326388, 9.143456)gyro(-0.07234457, 0.2266264, -0.3881026)mag(19.60723, 1.263281, 39.37031)
2062
1478
211

6763527
83
acc(-0.4118027, 0.8619126, 10.35971)gyro(-0.160144, 0.147487, -0.07101226)mag(19.24746, 2.707031, 37.98281)
2043
b'$GPRMC,235946.299,V,,,,,0.00,0.00,050180,,,N*4C\r\n'
1482
203

6967560
74
acc(-0.4261679, 1.108515, 9.811439)gyro(0.1318989, 0.07754059, 0.03597244)mag(19.96699, 1.985156, 37.98281)
2061
1487
205

7172579
89
acc(-0.2418144, 1.201889, 9.634268)gyro(-0.01092496, 0.1321654, -0.07167841)mag(18.52793, 2.707031, 39.02344)
2054
b'$PMTK001,220,3*30\r\n'
1488
208

7376552
67
acc(-0.3303998, 1.16837, 9.821015)gyro(0.009592649, 0.009459419, -0.05355896)mag(18.34805, 1.804687, 39.89062)
2061
1485
209

7581543
62
acc(-0.4644751, 1.161188, 9.883265)gyro(0.06155284, 0.1176432, -0.009592649)mag(18.88769, 3.067969, 39.71719)
2063
b'$GPRMC,235946.799,V,,,,,0.00,0.00,050180,,,N*49\r\n'
1488
182

7785563
55
acc(-0.4189853, 1.151611, 9.809045)gyro(0.02571363, 0.0515605, -0.04956203)mag(17.98828, 1.44375, 39.89062)
2053
1475
192

7989537
78
acc(-0.2178724, 1.297657, 9.876082)gyro(0.05395866, 0.02504747, -0.09925729)mag(17.62852, 1.804687, 40.2375)
2064
b'$PMTK001,220,3*30\r\n'
1481
204

8193512
62
acc(-0.5434838, 1.309628, 9.76116)gyro(-0.02051761, 0.05435835, -0.08460184)mag(20.14687, 2.8875, 38.85)
2064
1488
203

8398569
79
acc(-0.4022259, 1.098939, 9.983821)gyro(-0.25234, 0.03184227, -0.2695268)mag(20.14687, 2.165625, 39.54375)
2043
b'$GPRMC,235947.299,V,,,,,0.00,0.00,050180,,,N*4D\r\n'
1485
201

8602560
76
acc(-0.2202666, 0.1747767, 9.727641)gyro(-0.1532159, 0.1263032, -0.1381608)mag(23.56465, 3.067969, 40.75781)
2058
1485
208

8807529
42
acc(-0.4525041, 0.3375824, 10.08677)gyro(0.1291011, 0.005196019, -0.06488362)mag(24.82383, 4.692187, 41.625)
2051
b'$GPRMC,235947.799,V,,,,,0.00,0.00,050180,,,N*48\r\n'
1491
205

9011500
53
acc(-0.1628057, 0.5482722, 9.816227)gyro(0.08127106, 0.09246248, 0.01771976)mag(23.74453, 4.692187, 40.2375)
2056
1479
206

9215512
54
acc(-0.3950433, 0.6081272, 9.488221)gyro(-0.003464013, 0.08060491, 0.03304135)mag(24.28418, 4.511718, 40.75781)
2055
b'$GPRMC,235948.299,V,,,,,0.00,0.00,050180,,,N*42\r\n'
1471
203

9419520
62
acc(-0.2513912, 0.7374141, 9.998186)gyro(-0.003863707, 0.04449924, 0.01225728)mag(21.76582, 4.150781, 41.45156)
2054
1487
212

9624570
64
acc(-1.18513, 1.517924, 10.53688)gyro(0.9034411, 0.5958102, 0.7583523)mag(21.9457, 3.970312, 39.19687)
2054
b'$GPRMC,235948.799,V,,,,,0.00,0.00,050180,,,N*47\r\n'
1470
191

9828562
66
acc(-1.831564, 2.796427, 9.220071)gyro(-0.05382543, 0.4864273, -0.1521501)mag(14.75039, 7.21875, 34.34062)
2057
1490
203

10032547
57
acc(-3.136404, 3.356671, 8.631097)gyro(0.5301271, 0.7659465, 0.3044334)mag(12.95156, 10.46719, 29.48438)
2061
b'$GPRMC,235949.299,V,,,,,0.00,0.00,050180,,,N*43\r\n'
1487
183

10236566
53
acc(-3.921702, 3.969586, 8.305486)gyro(0.1640077, 0.3293477, -0.04743032)mag(9.353906, 11.91094, 23.93437)
2055
1493
208

10441529
57
acc(-3.976769, 4.434062, 8.037335)gyro(0.09033078, -0.02664625, 0.181461)mag(8.634375, 12.27188, 23.5875)
2054
b'$GPRMC,235949.799,V,,,,,0.00,0.00,050180,,,N*46\r\n'
1480
201

10646560
50
acc(-3.983952, 4.67827, 8.231265)gyro(-0.02264931, -0.07047934, 0.2030444)mag(7.555078, 11.18906, 22.2)
2065
1483
215

10851512
33
acc(-3.411737, 4.448427, 8.688558)gyro(-0.5537091, -0.6721517, -0.8634718)mag(6.475781, 10.82812, 23.5875)
2062
b'$GPRMC,235950.300,V,,,,,0.00,0.00,050180,,,N*4A\r\n'
1488
208

11055549
64
acc(-2.351106, 2.305616, 9.67018)gyro(-0.9704565, -0.750092, -0.9130338)mag(14.03086, 9.023437, 28.79062)
2061
1491
203

11260541
46
acc(-1.886631, -0.05746084, 9.888053)gyro(-0.5489128, -0.2704594, -0.5554411)mag(26.98242, 10.46719, 37.80937)
2056
b'$GPRMC,235950.800,V,,,,,0.00,0.00,050180,,,N*41\r\n'
1485
197

11464535
61
acc(-1.850718, -0.9624691, 9.746795)gyro(-0.1629418, 0.2668622, -0.104853)mag(29.3209, 10.64766, 39.02344)
2054
1498
205

11669546
54
acc(-1.857901, -0.5841852, 9.883265)gyro(0.03996937, 0.03783768, 0.03290812)mag(31.11973, 10.28672, 37.28906)
2059
b'$GPRMC,235950.885,V,,,,,0.00,0.00,050180,,,N*4C\r\n'
1490
208

11874528
64
acc(-1.393425, -0.9528923, 9.55047)gyro(-0.01372282, -0.06368454, -0.1004564)mag(32.73867, 10.10625, 36.76875)
2057
1492
207

12079539
48
acc(-1.127669, -0.9552865, 9.799467)gyro(-0.07980552, -0.177464, -0.152683)mag(32.73867, 9.384375, 39.89062)
2046
b'$GPRMC,235950.926,V,,,,,0.00,0.00,050180,,,N*44\r\n'
1483
203

12283544
52
acc(-0.6560113, -1.223437, 9.631873)gyro(-0.04463247, 0.1055192, -0.04063553)mag(35.6168, 6.496875, 40.93125)
2043
1472
199

12488538
39
acc(-1.063026, -1.443704, 9.82341)gyro(0.1259035, 0.02917764, 0.1029878)mag(34.5375, 8.662499, 39.89062)
2062
b'$GPRMC,235951.426,V,,,,,0.00,0.00,050180,,,N*48\r\n'
1483
208

12693529
59
acc(-1.060631, -1.283292, 9.82341)gyro(-0.01771976, 0.09752527, 0.01891884)mag(35.07715, 7.399218, 38.67656)
2063
1486
206

12898529
42
acc(-1.031901, -1.197101, 9.694122)gyro(0.01891884, 0.12617, -0.009592649)mag(33.09844, 8.301562, 40.2375)
2054
b'$GPRMC,235951.926,V,,,,,0.00,0.00,050180,,,N*45\r\n'
1477
208

13102496
46
acc(-1.058237, -1.242591, 9.722853)gyro(0.1385605, 0.005728944, 0.0042634)mag(35.07715, 7.760156, 41.10469)
2055
1475
194

13307562
67
acc(-0.9648633, -1.108515, 9.765948)gyro(0.02291577, 0.06608271, 0.02331547)mag(34.35762, 8.121093, 39.37031)
2045
b'$GPRMC,143825.635,V,,,,,0.00,0.00,100180,,,N*4C\r\n'
1478
205

13511575
63
acc(-1.015141, -1.086968, 9.780313)gyro(0.02424809, 0.05502451, -0.004929556)mag(34.71738, 8.121093, 39.37031)
2064
1485
208

13716521
61
acc(-0.9337386, -1.113304, 9.617508)gyro(0.1129801, 0.03770444, 0.02704594)mag(33.4582, 7.940625, 41.625)
2045
b'$GPRMC,143826.135,V,,,,,0.00,0.00,100180,,,N*48\r\n'
1489
204

13920522
64
acc(-1.125275, -0.9002198, 9.854534)gyro(0.1099158, 0.03757122, 0.08180398)mag(33.4582, 9.745312, 39.54375)
2063
1479
208

14125544
76
acc(-1.067814, -0.914585, 9.844957)gyro(0.0383706, 0.0490291, -0.02784533)mag(32.55879, 8.842968, 40.06406)
2039
b'$GPRMC,143826.635,V,,,,,0.00,0.00,100180,,,N*4F\r\n'
1475
207

14329560
50
acc(-1.060631, -0.926556, 9.77792)gyro(0.08966463, 0.08033845, 0.03317458)mag(32.55879, 9.203906, 39.37031)
2042
1496
198

14534530
53
acc(-0.7254431, -0.6392518, 9.490616)gyro(0.1486861, 0.007727413, 0.1590781)mag(32.19902, 9.203906, 41.10469)
2054
b'$GPRMC,143827.135,V,,,,,0.00,0.00,100180,,,N*49\r\n'
1485
208

14738515
48
acc(-0.8140285, -0.1915361, 9.354146)gyro(0.3281486, 0.07221134, 0.2979051)mag(29.3209, 7.038281, 39.71719)
2053
1484
356

14942522
46
acc(-1.735796, -0.1292869, 9.437943)gyro(1.37055, -0.1560138, 0.5120077)mag(25.72324, 8.482031, 38.67656)
2063
b'$GPRMC,143827.635,V,,,,,0.00,0.00,100180,,,N*4E\r\n'
1497
256

15146546
65
acc(-0.3567361, 2.741361, 8.492233)gyro(0.9783172, -0.05635682, 0.03517305)mag(12.05215, 4.511718, 33.47343)
2053
1468
535

15351537
49
acc(-0.3711013, 2.77488, 7.666234)gyro(0.6229894, -0.07114549, -0.8584089)mag(8.99414, 6.135937, 28.79062)
2064
b'$GPRMC,143828.135,V,,,,,0.00,0.00,100180,,,N*46\r\n'
1488
432

15555528
70
acc(-3.356671, 4.649539, 9.114726)gyro(1.088366, -0.2891118, -1.017221)mag(10.79297, 9.384375, 27.05625)
2064
1471
203

15760546
61
acc(-5.647922, 5.178658, 8.7125)gyro(0.6204579, -0.3897014, -1.614097)mag(16.36934, 17.14453, 22.72031)
2060
b'$GPRMC,143828.635,V,,,,,0.00,0.00,100180,,,N*41\r\n'
1491
463

15964559
77
acc(-5.351041, 4.833893, 8.913613)gyro(-0.1823936, -0.9651272, -2.355262)mag(23.74453, 18.40781, 25.66875)
2058
1498
258

16169527
66
acc(-7.098808, 3.009511, 10.67096)gyro(-0.2760551, -1.401459, -1.328182)mag(47.1293, 14.07656, 35.03438)
2046
b'$GPRMC,143829.135,V,,,,,0.00,0.00,100180,,,N*47\r\n'
1478
335

16373527
126
acc(-1.795651, 0.593762, 6.888118)gyro(-0.9835131, -0.2693936, -0.5289281)mag(63.49863, -0.9023437, 36.94218)
2041
1486
4095

16578544
211
acc(0.07900865, -1.331176, 7.529764)gyro(0.1708025, -0.2628653, 0.3613231)mag(67.27617, -4.33125, 33.64687)
2042
b'$GPRMC,143829.635,V,,,,,0.00,0.00,100180,,,N*40\r\n'
1479
4095

16783528
91
acc(-3.117251, -0.2753332, 10.9008)gyro(0.1073844, 0.2252941, 0.8971792)mag(64.21816, -3.067969, 36.24844)
2058
1484
3925

16987546
40
acc(-1.309628, 0.08619126, 8.781932)gyro(0.1923859, 0.5339909, 0.9732543)mag(62.05957, 0.1804687, 35.90156)
2062
b'$GPRMC,143830.096,V,,,,,0.00,0.00,100180,,,N*47\r\n'
1485
209

17192545
55
acc(-0.9409212, -0.2825158, 8.904037)gyro(0.2705927, 0.3138928, 0.5994074)mag(55.4039, 7.21875, 37.4625)
2041
1483
223

17397534
51
acc(-3.131616, 0.2322376, 9.533711)gyro(0.2061088, 0.9220935, 0.2651302)mag(49.82754, 12.45234, 35.90156)
2053
b'$GPRMC,143830.135,V,,,,,0.00,0.00,100180,,,N*4F\r\n'
1479
203

17602546
69
acc(-3.25372, 1.405396, 8.336611)gyro(-0.1942512, -0.1689372, -0.2246279)mag(48.74824, 12.45234, 35.55468)
2042
1489
207

17807537
61
acc(-2.636016, 1.42455, 8.901642)gyro(-0.3000368, 0.1781302, 0.6560307)mag(46.05, 13.35469, 36.76875)
2064
b'$GPRMC,143830.635,V,,,,,0.00,0.00,100180,,,N*48\r\n'
1478
208

18011532
63
acc(-3.074155, 1.312023, 10.12268)gyro(-0.09152987, -0.2322221, 0.6133967)mag(44.79082, 14.61797, 36.24844)
2064
1482
218

18215516
59
acc(-3.057395, 2.782062, 8.829816)gyro(0.1137795, -0.3968959, 0.513873)mag(44.43105, 12.81328, 36.94218)
2054
b'$GPRMC,143831.135,V,,,,,0.00,0.00,100180,,,N*4E\r\n'
1475
880

18419536
95
acc(-1.821988, 0.7637503, 8.281544)gyro(-0.2041103, 0.3549281, 0.04916233)mag(43.17187, 11.18906, 37.11562)
2055
1475
2192

18624553
87
acc(-2.051831, 1.450886, 9.615114)gyro(-0.02398163, 0.001998469, -0.3582588)mag(45.87011, 12.81328, 38.32969)
2045
b'$GPRMC,143831.635,V,,,,,0.00,0.00,100180,,,N*49\r\n'
1470
1845

18829528
74
acc(-3.61285, 2.48997, 12.02847)gyro(0.1787963, -0.6741501, -0.2366187)mag(47.1293, 11.18906, 38.50312)
2046
1479
578

19033536
48
acc(-2.312799, 1.142034, 8.798691)gyro(0.5125406, 0.06754825, 0.2490092)mag(46.22988, 7.760156, 40.75781)
2063
b'$GPRMC,143832.135,V,,,,,0.00,0.00,100180,,,N*4D\r\n'
1477
208

19237517
45
acc(-1.58975, 1.752556, 9.184157)gyro(-0.3015023, 0.2316891, 1.002565)mag(45.33047, 8.662499, 41.27812)
2057
1475
209

19441545
48
acc(-1.810017, 1.240196, 10.36929)gyro(-0.1685375, 0.1745329, 1.20481)mag(39.7541, 12.81328, 38.67656)
2042
b'$GPRMC,143832.635,V,,,,,0.00,0.00,100180,,,N*4A\r\n'
1471
208

19645528
60
acc(-2.410961, 1.915361, 10.18015)gyro(0.1505513, -0.1490858, 1.144456)mag(34.89726, 11.55, 39.19687)
2051
1472
199

19850546
72
acc(-1.917756, 3.811569, 9.167398)gyro(0.06368454, 0.1991807, 0.9159649)mag(25.90312, 11.55, 37.80937)
2043
b'$GPRMC,143833.135,V,,,,,0.00,0.00,100180,,,N*4C\r\n'
1472
208

20054546
64
acc(-1.051055, 3.505111, 9.275137)gyro(-0.07047934, 0.4906907, 0.7420981)mag(21.04629, 10.28672, 36.59531)
2060
1469
198

20259522
54
acc(-0.07661445, 2.669535, 9.938332)gyro(-0.2555375, -0.1099158, 0.591147)mag(19.78711, 8.301562, 35.03438)
2047
b'$GPRMC,143833.635,V,,,,,0.00,0.00,100180,,,N*4B\r\n'
1457
207

20463540
82
acc(-3.301604, 3.646369, 12.43788)gyro(0.3797091, 0.1301669, 0.542118)mag(19.96699, 7.038281, 36.59531)
2045
1472
208

20668544
74
acc(-1.963245, 1.929727, 8.76996)gyro(0.4575161, -0.03330781, 0.4250077)mag(17.8084, 7.399218, 34.86094)
2038
b'$GPRMC,143834.135,V,,,,,0.00,0.00,100180,,,N*4B\r\n'
1463
203

20872512
49
acc(-1.283292, 1.735796, 9.425972)gyro(-0.1374947, 0.3547948, 0.4853615)mag(16.18945, 8.662499, 32.95312)
2042
1472
210

21077537
63
acc(-5.260061, 5.396531, 12.64139)gyro(-0.7752726, 0.9873768, 0.8284319)mag(14.21074, 4.872656, 32.43281)
2045
b'$GPRMC,143834.635,V,,,,,0.00,0.00,100180,,,N*4C\r\n'
1471
202

21281531
45
acc(-1.582567, 2.942474, 7.165846)gyro(-0.5633018, 0.9123676, 0.9531363)mag(11.15273, 4.692187, 32.60625)
2062
1481
201

21486549
67
acc(-1.728614, 2.533065, 8.726865)gyro(-0.2511409, 0.104853, 0.6708194)mag(9.533789, 0.5414062, 33.47343)
2059
b'$GPRMC,143835.135,V,,,,,0.00,0.00,100180,,,N*4A\r\n'
1483
192

21690549
76
acc(-2.643199, 1.671153, 10.44111)gyro(0.02371516, 0.1565467, 0.1292343)mag(9.893554, -1.263281, 33.47343)
2064
1469
204

21895544
65
acc(-2.753332, 1.884237, 7.762002)gyro(-0.2073078, 0.4615131, 0.08300307)mag(8.99414, -2.8875, 34.34062)
2064
b'$GPRMC,143835.635,V,,,,,0.00,0.00,100180,,,N*4D\r\n'
1488
205

22099559
58
acc(-2.003947, 3.55539, 8.872911)gyro(-0.2756555, 0.7792696, 0.9735208)mag(8.274609, -5.053125, 32.95312)
2037
1462
211
