
22313514
33
acc(0.1651999, 0.5506664, 10.0748)gyro(0.02264931, 0.06355131, 0.085268)mag(44.79082, -8.121093, 25.49531)
2067
b'$GPRMC,000003.800,V,,,,,0.00,0.00,060180,,,N*49\r\n'
1488
180

22518560
80
acc(0.1484405, 0.641646, 10.0748)gyro(0.01971823, 0.05902144, 0.02598009)mag(48.56836, -13.35469, 25.66875)
2064
1481
229

22723569
83
acc(0.1029507, 0.6703765, 10.00058)gyro(0.01971823, 0.05675651, 0.03637213)mag(43.89141, -16.60313, 20.11875)
2057
b'$GPRMC,000004.300,V,,,,,0.00,0.00,060180,,,N*45\r\n'
1483
190

22927557
54
acc(0.2657564, 0.794875, 9.950302)gyro(0.01598775, 0.05875498, 0.1185758)mag(44.9707, -16.96406, 17.34375)
2053
1479
144

23131552
69
acc(0.1412579, 0.6607997, 9.947908)gyro(0.01692037, 0.05822206, -0.0001332313)mag(49.46777, -16.06172, 20.29219)
2064
None
1478
246

23335553
50
acc(0.2178724, 0.5889736, 9.945514)gyro(0.02291577, 0.05515773, -0.001998469)mag(47.48906, -15.52031, 21.50625)
2058
1498
224

23540507
70
acc(0.1556231, 0.6775591, 9.91439)gyro(0.02264931, 0.05595713, -0.0006661563)mag(50.00742, -16.24219, 22.89375)
2064
b'$GPRMC,000004.800,V,,,,,0.00,0.00,060180,,,N*4E\r\n'
1488
265

23745555
51
acc(1.240196, -0.6153098, 7.706935)gyro(0.01132466, 0.05595713, -0.1093829)mag(51.2666, -17.50547, 25.84219)
2065
1483
197

23950512
38
acc(0.1316811, 0.6631939, 9.983821)gyro(0.02065084, 0.05808883, 0.009326188)mag(49.46777, -17.50547, 25.14844)
2066
b'$GPRMC,000005.300,V,,,,,0.00,0.00,060180,,,N*44\r\n'
1495
165

24155574
66
acc(0.1604115, 0.6272808, 9.969456)gyro(0.01998469, 0.05395866, 0.003464013)mag(49.108, -15.70078, 26.18906)
2073
1493
218

24360506
48
acc(0.1723825, 0.6751649, 10.06044)gyro(0.01971823, 0.05955438, 0.01905207)mag(46.94941, -13.53516, 28.27031)
2064
b'$GPRMC,000005.800,V,,,,,0.00,0.00,060180,,,N*4F\r\n'
1497
230

24565557
64
acc(0.1244985, 0.6488287, 9.964667)gyro(0.01878561, 0.05835528, 0.02158346)mag(46.05, -15.15937, 28.79062)
2065
1488
208

24770517
53
acc(0.3232172, 0.4070143, 10.01974)gyro(0.02158346, 0.04996172, 0.01518836)mag(48.92812, -15.15937, 29.83125)
2063
b'$GPRMC,000006.300,V,,,,,0.00,0.00,060180,,,N*47\r\n'
1492
189

24975524
48
acc(0.1580173, 0.6129156, 9.94312)gyro(0.02171669, 0.05688975, -0.0001332313)mag(48.38848, -14.25703, 31.04531)
2051
1485
203

25180515
64
acc(0.1053449, 0.7134721, 9.933543)gyro(0.02331547, 0.05502451, 0.0383706)mag(46.40976, -14.4375, 35.72812)
2062
None
1496
171

25384544
58
acc(0.1005565, 0.6560113, 9.931149)gyro(0.01865238, 0.06101991, 0.06288515)mag(43.35176, -15.33984, 37.63594)
2059
1489
206

25588543
50
acc(0.1867477, 0.6512229, 9.952697)gyro(0.01678714, 0.07514243, 0.3113614)mag(41.55293, -14.61797, 37.28906)
2063
b'$GPRMC,000006.800,V,,,,,0.00,0.00,060180,,,N*4C\r\n'
1489
192

25793537
55
acc(0.2202666, 0.9002198, 10.00058)gyro(0.01305666, 0.06341808, 0.3112282)mag(40.8334, -14.61797, 39.37031)
2070
1483
196

25998512
64
acc(0.07422025, 0.4261679, 9.847352)gyro(0.009459419, 0.04862941, 0.2408821)mag(40.29375, -14.79844, 40.93125)
2061
b'$GPRMC,000007.300,V,,,,,0.00,0.00,060180,,,N*46\r\n'
1477
217

26203515
78
acc(0.4453215, 0.004788404, 10.20648)gyro(0.02184993, 0.06381777, 0.1461547)mag(41.19316, -15.33984, 39.37031)
2062
1490
215

26408546
65
acc(0.213084, 0.6464345, 9.938332)gyro(0.01985146, 0.06341808, 0.08913171)mag(40.47363, -16.06172, 39.71719)
2051
b'$GPRMC,000007.800,V,,,,,0.00,0.00,060180,,,N*4D\r\n'
1477
203

26613508
45
acc(0.08379706, 0.6033388, 9.933543)gyro(0.02184993, 0.05822206, 0.03956968)mag(40.8334, -14.25703, 40.75781)
2063
1490
207

26817582
64
acc(0.2585738, 0.7637503, 9.876082)gyro(0.02078407, 0.0554242, -0.001598775)mag(39.57421, -14.07656, 41.625)
2045
b'$GPRMC,000008.300,V,,,,,0.00,0.00,060180,,,N*49\r\n'
1501
208

27022513
61
acc(0.1316811, 0.56982, 9.950302)gyro(0.02051761, 0.05595713, -0.002264931)mag(38.6748, -13.89609, 40.06406)
2046
1489
202

27227554
65
acc(0.04788403, 0.5865794, 10.00537)gyro(0.01785299, 0.05902144, 0.1287014)mag(37.95527, -13.89609, 39.71719)
2057
b'$GPRMC,000008.800,V,,,,,0.00,0.00,060180,,,N*42\r\n'
1487
199

27431530
64
acc(0.1125275, 0.7733272, 9.921572)gyro(0.0149219, 0.05942113, 0.1887887)mag(39.03457, -13.53516, 39.71719)
2064
1486
209

27635553
50
acc(0.1173159, 0.4932055, 10.05086)gyro(0.01638744, 0.07101226, 0.2510077)mag(39.39433, -14.97891, 40.41093)
2027
None
1500
208

27839552
48
acc(0.1388637, 0.7302315, 9.900024)gyro(0.01785299, 0.06315161, 0.1177764)mag(39.39433, -13.17422, 41.10469)
2058
1485
194

28043545
64
acc(0.1029507, 0.4189853, 10.01016)gyro(0.01052527, 0.07021287, 0.3182895)mag(39.57421, -13.35469, 40.93125)
2060
b'$GPRMC,000009.300,V,,,,,0.00,0.00,060180,,,N*48\r\n'
1489
205

28247545
51
acc(0.2394202, 0.6129156, 9.909601)gyro(0.02358193, 0.05688975, 0.02864472)mag(39.21445, -12.99375, 40.93125)
2064
1488
207

28451535
61
acc(0.1101333, 0.5506664, 9.947908)gyro(0.01905207, 0.05702298, 0.03503982)mag(37.95527, -14.25703, 39.37031)
2062
b'$GPRMC,000009.800,V,,,,,0.00,0.00,060180,,,N*43\r\n'
1476
192

28656532
70
acc(0.1699883, 0.4525041, 9.92636)gyro(0.02105054, 0.0664824, 0.1389602)mag(38.13515, -15.15937, 41.27812)
2051
1488
206

28860536
63
acc(0.1675941, 0.1771709, 10.02213)gyro(0.02291577, 0.05102757, -0.08979786)mag(39.7541, -14.25703, 39.37031)
2063
b'$GPRMC,000010.300,V,,,,,0.00,0.00,060180,,,N*40\r\n'
1488
214

29065548
54
acc(0.05267244, 0.6272808, 9.991004)gyro(0.02318224, 0.05475805, -0.009725882)mag(39.03457, -12.45234, 40.75781)
2064
1488
198

29269549
45
acc(0.1699883, 0.7038953, 9.895236)gyro(0.02358193, 0.05249311, 0.001598775)mag(38.13515, -14.07656, 40.93125)
2060
b'$GPRMC,000010.800,V,,,,,0.00,0.00,060180,,,N*4B\r\n'
1487
195

29474544
52
acc(0.237026, 0.5770026, 9.952697)gyro(0.02371516, 0.05142726, -0.04516539)mag(38.6748, -12.09141, 41.10469)
2067
1488
204

29679509
41
acc(0.1436521, 0.6344634, 9.885659)gyro(0.01785299, 0.05462481, 0.0191853)mag(39.03457, -11.36953, 40.06406)
2057
None
1483
194

29883522
64
acc(0.1556231, 0.605733, 9.952697)gyro(0.01891884, 0.0536922, 0.007194488)mag(38.49492, -10.82812, 42.31875)
2069
1479
209

30087511
61
acc(0.01915361, 0.8451532, 9.91439)gyro(0.01785299, 0.06315161, 0.03437366)mag(38.49492, -13.35469, 41.625)
2055
b'$GPRMC,000011.300,V,,,,,0.00,0.00,060180,,,N*41\r\n'
1488
202

30292563
61
acc(0.1244985, 0.56982, 9.859323)gyro(0.01838591, 0.05449158, 0.0042634)mag(37.05586, -12.27188, 41.27812)
2065
1486
197

30497501
59
acc(-0.01197101, 0.3040636, 10.12508)gyro(0.02371516, 0.03743798, -0.2033109)mag(37.77539, -11.91094, 41.97187)
2064
b'$GPRMC,000011.800,V,,,,,0.00,0.00,060180,,,N*4A\r\n'
1490
195

30702556
55
acc(0.1891419, 0.8882488, 9.931149)gyro(0.008926495, 0.07847321, 0.5975422)mag(38.31504, -12.09141, 42.83906)
2063
1488
209

30907555
67
acc(0.2346318, 0.629675, 9.967062)gyro(0.02025115, 0.05728944, 0.02065084)mag(37.77539, -12.27188, 41.625)
2064
b'$GPRMC,000012.300,V,,,,,0.00,0.00,060180,,,N*42\r\n'
1482
199

31111541
59
acc(0.2442086, 0.8355764, 9.957485)gyro(0.02145023, 0.06821441, 0.3011026)mag(39.39433, -12.09141, 42.83906)
2053
1474
197

31316534
48
acc(-1.42455, 0.9409212, 9.979033)gyro(0.01878561, 0.06181931, 0.05875498)mag(38.31504, -11.73047, 42.14531)
2058
b'$GPRMC,000012.800,V,,,,,0.00,0.00,060180,,,N*49\r\n'
1485
195

31520559
82
acc(-0.2011129, 0.6392518, 9.947908)gyro(0.009859113, 0.06288515, 0.1939847)mag(37.95527, -10.64766, 41.10469)
2063
1491
199

31725519
64
acc(-0.7661445, 0.04309563, 9.174581)gyro(-0.1052527, 0.3352098, 0.1718683)mag(36.87597, -9.564843, 42.49218)
2066
b'$GPRMC,000013.300,V,,,,,0.00,0.00,060180,,,N*43\r\n'
1502
203

31929512
52
acc(-0.6081272, 1.18513, 10.32619)gyro(0.2484763, -0.2412818, 0.08926495)mag(36.15644, -8.842968, 41.45156)
2063
1499
208

32133515
51
acc(0.02633622, 2.360683, 8.379706)gyro(-0.1450888, 0.3835728, 0.03930322)mag(33.09844, -9.384375, 41.625)
2064
None
1486
173

32338573
48
acc(-0.3184288, 1.300052, 10.35732)gyro(-0.07434304, 0.2066417, 0.07594181)mag(32.3789, -11.91094, 41.625)
2060
1473
205

32542531
62
acc(-0.3806781, 1.127669, 9.677363)gyro(-0.0021317, 0.1846585, 0.00106585)mag(32.73867, -9.023437, 41.97187)
2061
b'$GPRMC,000013.800,V,,,,,0.00,0.00,060180,,,N*48\r\n'
1488
192

32747546
53
acc(-0.5722142, 1.233014, 9.885659)gyro(0.01358959, 0.0771409, 0.04423277)mag(33.63808, -9.564843, 41.79843)
2063
1482
197

32952503
49
acc(-0.7326257, 1.393425, 9.931149)gyro(-0.115245, 0.1280352, 0.1091164)mag(33.4582, -8.301562, 39.89062)
2053
b'$GPRMC,000014.299,V,,,,,0.00,0.00,060180,,,N*45\r\n'
1477
201

33157561
49
acc(-1.410185, 1.058237, 9.588778)gyro(-0.02584686, 0.08313629, 0.001998469)mag(33.27832, -9.564843, 41.79843)
2058
1477
177

33361565
54
acc(-0.3758897, 2.961627, 10.4459)gyro(-0.04103523, -0.4500552, 0.2819173)mag(32.73867, -9.023437, 41.97187)
2053
b'$GPRMC,000014.799,V,,,,,0.00,0.00,060180,,,N*40\r\n'
1489
201

33566494
67
acc(0.782904, 1.369483, 10.16817)gyro(-0.1589449, -0.3288147, 0.2410153)mag(30.58008, -10.46719, 43.35937)
2061
1482
195

33770520
78
acc(2.102109, 0.7900866, 9.246407)gyro(-0.2207642, -0.01345636, 0.2859143)mag(26.62266, -10.82812, 43.0125)
2062
b'$GPRMC,000015.299,V,,,,,0.00,0.00,060180,,,N*44\r\n'
1471
204

33975554
52
acc(1.206678, 0.2777274, 9.167398)gyro(-0.3806417, 0.227559, -0.05835528)mag(28.96113, -9.203906, 39.37031)
2055
1489
202

34180517
57
acc(0.593762, 0.5171475, 9.555259)gyro(-0.2976386, 0.09925729, -0.5267964)mag(32.3789, -4.692187, 37.4625)
2064
None
1476
195

34384518
62
acc(-0.1628057, 2.248155, 11.86087)gyro(0.371049, 0.1291011, -0.2061088)mag(31.11973, -5.955468, 36.24844)
2064
1483
198

34588538
65
acc(0.4237737, 3.198653, 11.47062)gyro(0.5638347, -0.4012925, -0.4680414)mag(31.83926, -1.985156, 35.20781)
2056
b'$GPRMC,000015.799,V,,,,,0.00,0.00,060180,,,N*41\r\n'
1469
195

34793537
55
acc(0.7110779, 1.671153, 8.916007)gyro(0.1143124, 0.08620063, -0.33068)mag(30.58008, -2.8875, 33.64687)
2063
1466
203

34997526
64
acc(1.151611, 3.1795, 8.420407)gyro(0.3052328, -0.3317458, -0.05462481)mag(34.17773, -0.721875, 32.60625)
2041
b'$GPRMC,000016.299,V,,,,,0.00,0.00,060180,,,N*47\r\n'
1491
208

35202548
63
acc(1.33357, 1.886631, 8.968679)gyro(-0.211438, -0.1558806, 0.5581057)mag(33.81797, -4.33125, 32.25937)
2063
1487
199

35407576
55
acc(1.596933, -0.2657564, 10.81461)gyro(0.09366158, -0.042634, 0.6467046)mag(33.81797, -5.053125, 32.25937)
2052
b'$GPRMC,000016.799,V,,,,,0.00,0.00,060180,,,N*42\r\n'
1485
197

35612546
64
acc(2.760514, 1.175553, 9.651027)gyro(-0.03783768, 0.004796325, 0.1863905)mag(34.17773, -5.414062, 31.21875)
2061
1475
192

35817565
64
acc(2.75812, -0.002394202, 8.374918)gyro(0.5980751, -0.6661562, -0.4336677)mag(31.29961, -5.775, 31.21875)
2066
b'$GPRMC,000017.299,V,,,,,0.00,0.00,060180,,,N*46\r\n'
1478
201

36022505
66
acc(2.6839, 2.501941, 10.01734)gyro(0.4611134, -0.6517673, -0.8662696)mag(30.58008, -6.857812, 30.17812)
2064
1476
206

36227561
51
acc(2.688689, 1.910573, 8.458714)gyro(0.1119143, 0.03037673, -0.3639878)mag(31.83926, -7.038281, 28.61719)
2053
b'$GPRMC,000017.799,V,,,,,0.00,0.00,060180,,,N*43\r\n'
1493
195

36432546
67
acc(3.126827, 2.882619, 8.520964)gyro(0.06101991, -0.2095728, -0.6885391)mag(33.99785, -7.399218, 28.96406)
2057
1493
195

36637555
43
acc(2.851494, 4.429273, 10.56561)gyro(0.619925, -0.4243415, -1.104354)mag(35.6168, -7.21875, 28.44375)
2071
None
1477
206

36842535
59
acc(2.157176, 2.214637, 6.943185)gyro(-0.2014457, 0.9383477, 0.147487)mag(34.35762, -9.564843, 27.92344)
2052
1488
196

37046505
46
acc(1.82917, 1.438915, 10.80503)gyro(0.6443064, 0.2989709, 0.3293477)mag(35.43691, -6.677343, 24.80156)
2064
b'$GPRMC,000018.299,V,,,,,0.00,0.00,060180,,,N*49\r\n'
1478
201

37250540
51
acc(1.572991, 2.540248, 10.31422)gyro(-0.1001899, 0.3618561, 1.027346)mag(31.47949, -4.511718, 25.49531)
2043
1484
197

37455524
48
acc(1.697489, 2.930503, 8.681376)gyro(-0.4304702, 0.1029878, -0.5683645)mag(32.55879, -1.624219, 23.76094)
2062
b'$GPRMC,000018.799,V,,,,,0.00,0.00,060180,,,N*4C\r\n'
1485
199

37660514
53
acc(1.819593, 2.133234, 9.516952)gyro(-0.2051761, -0.2516738, -1.102489)mag(35.43691, -3.067969, 26.88281)
2059
1488
208

37865517
47
acc(1.271321, 4.041412, 8.717288)gyro(-1.302336, -0.1910536, -1.351631)mag(37.41562, -6.496875, 27.40312)
2064
b'$GPRMC,000019.299,V,,,,,0.00,0.00,060180,,,N*48\r\n'
1488
199

38069513
50
acc(0.9552865, 2.772485, 10.27591)gyro(0.1649403, -0.3954304, -1.100224)mag(42.45234, -7.579687, 30.87188)
2062
1491
196

38273515
26
acc(0.02154782, 2.394202, 9.476251)gyro(-0.4880261, 0.3678515, -1.004697)mag(45.87011, -11.00859, 31.39219)
2065
b'$GPRMC,000019.799,V,,,,,0.00,0.00,060180,,,N*4D\r\n'
1488
198

38477509
48
acc(0.878672, 1.144428, 9.928755)gyro(-0.07727412, -0.0468974, -0.3066983)mag(47.48906, -12.27188, 30.525)
2063
1488
196

38681495
33
acc(-0.3399766, 2.430115, 11.14022)gyro(-0.7198484, 0.797389, 0.04556509)mag(45.87011, -13.17422, 31.39219)
2070
None
1487
190

38885512
55
acc(-0.3016694, 2.796427, 10.30225)gyro(-0.1028545, 0.1037871, 0.6393767)mag(49.46777, -9.92578, 32.77969)
2058
1488
202

39090557
53
acc(0.1005565, 1.503559, 9.763555)gyro(-0.03317458, 0.1751991, 0.3342772)mag(48.74824, -9.564843, 31.04531)
2064
b'$GPRMC,000020.299,V,,,,,0.00,0.00,060180,,,N*42\r\n'
1496
209

39294567
57
acc(0.581791, 1.010353, 11.69807)gyro(-0.07221134, 0.1012558, -0.1560138)mag(50.00742, -9.745312, 31.21875)
2061
1485
200

39498566
50
acc(-0.5841852, 1.575385, 9.047688)gyro(0.1867902, -0.2683277, 0.1468208)mag(51.80625, -8.662499, 30.17812)
2044
b'$GPRMC,000020.799,V,,,,,0.00,0.00,060180,,,N*47\r\n'
1493
186

39703498
61
acc(0.6679823, 0.8882488, 8.50181)gyro(-0.5104089, 0.7483599, -0.1763982)mag(50.54707, -11.00859, 30.35156)
2061
1482
201

39908569
49
acc(-2.121263, 2.901772, 10.73081)gyro(0.08486832, 1.242781, 1.075043)mag(51.44648, -9.023437, 29.48438)
2045
b'$GPRMC,000021.299,V,,,,,0.00,0.00,060180,,,N*43\r\n'
1504
197

40113522
39
acc(-2.092532, 3.141193, 9.394848)gyro(0.4813645, -0.2855146, 1.444627)mag(48.56836, 0.0, 29.1375)
2070
1488
205

40317516
64
acc(-3.876213, 1.867477, 11.37964)gyro(-0.7913937, -0.009992343, 0.1180429)mag(45.33047, 1.082812, 26.70937)
2060
b'$GPRMC,000021.799,V,,,,,0.00,0.00,060180,,,N*46\r\n'
1493
197

40521515
48
acc(-2.466028, -0.7517793, 10.01495)gyro(-0.2705927, 0.3206877, 0.04783002)mag(45.87011, 0.9023437, 25.49531)
2042
1488
202

40726517
58
acc(-0.7422025, 0.05746084, 8.983045)gyro(-0.03304135, 0.2230291, 0.5032145)mag(50.54707, 1.624219, 25.14844)
2064
b'$GPRMC,000022.299,V,,,,,0.00,0.00,060180,,,N*40\r\n'
1497
196

40930522
75
acc(-1.398214, 0.1268927, 10.38365)gyro(0.4379311, -0.4126172, 0.9095697)mag(48.02871, 1.624219, 26.18906)
2064
1501
194

41134523
64
acc(-0.8810662, -1.570596, 9.454702)gyro(0.1608101, -0.2187657, 1.099025)mag(42.27246, 1.985156, 28.27031)
2064
None
1494
192

41338534
61
acc(-1.199495, 1.841141, 9.753978)gyro(-0.1979816, 0.3577259, 1.036939)mag(37.41562, 0.0, 28.44375)
2072
1493
192

41543545
50
acc(-0.4908113, 1.374272, 9.232041)gyro(0.2712588, 0.6080675, -0.580755)mag(38.85469, 0.721875, 28.44375)
2062
b'$GPRMC,000022.799,V,,,,,0.00,0.00,060180,,,N*45\r\n'
1497
196

41748509
57
acc(-0.9959879, 0.8571242, 9.797073)gyro(-0.1674717, 0.4319357, -1.33058)mag(39.7541, 1.624219, 27.57656)
2045
1490
208

41952510
59
acc(-0.9504981, 0.878672, 9.332599)gyro(0.7335712, -0.03317458, -0.9438103)mag(42.45234, 1.804687, 26.70937)
2069
b'$GPRMC,000023.299,V,,,,,0.00,0.00,060180,,,N*41\r\n'
1494
180

42156511
38
acc(-2.025495, -1.568202, 12.67969)gyro(-0.009592649, 0.576092, -0.05782237)mag(42.81211, 0.3609375, 29.48438)
2054
1485
206

42361568
38
acc(-0.9935937, -0.05506664, 10.74997)gyro(0.2376845, -0.1036539, -0.319755)mag(41.37304, 1.082812, 29.1375)
2063
b'$GPRMC,000023.799,V,,,,,0.00,0.00,060180,,,N*44\r\n'
1507
194

42565558
51
acc(-2.003947, 3.514688, 10.79785)gyro(0.4292711, -1.066383, -0.3222864)mag(44.9707, -0.3609375, 28.09687)
2064
1501
201
