S1741279
0
a(-1.68073, 2.719813, 9.610326)g(0.0021317, 0.007194488, -0.001332313)m(-4.676953, -28.875, 29.1375)
2076

1281
1906

S1945536
0
a(-2.506729, 1.534683, 9.576807)g(0.03783768, 0.08899847, -0.00532925)m(-4.137304, -29.05547, 30.35156)
2080
1279
1883

S2149520
0
a(-2.377442, 2.451663, 9.49301)g(0.01998469, 0.0337075, -0.004529863)m(-5.936132, -28.69453, 30.35156)
2073
$PMTK001,314,3*36\r
1287
1904

S2353519
0
a(-2.214637, 2.257732, 9.574412)g(0.03730475, 0.07767382, -0.005462481)m(-4.49707, -27.97266, 31.04531)
2082
1281
1834

S2557516
0
a(-2.379837, 1.893814, 9.378088)g(0.01239051, 0.0315758, 0.01292343)m(-4.856836, -28.69453, 30.00469)
2070
$GPRMC,235943.800,V,,,,,0.00,0.00,050180,,,N*43\r
1277
1889

S2762594
0
a(-2.25055, 2.494758, 9.512163)g(0.02744564, 0.05662329, -0.01145789)m(-3.058008, -28.69453, 30.35156)
2078
1266
1852

S2966568
0
a(-2.255338, 2.296039, 9.507375)g(0.01998469, 0.02571363, -0.005462481)m(-4.676953, -28.51406, 30.17812)
2071
$PMTK001,314,3*36\r
1277
1809

S3170573
0
a(-2.281674, 2.106898, 9.555259)g(0.02664625, 0.06541655, -0.0002664625)m(-3.777539, -27.61172, 29.65781)
2075
1280
1808

S3374565
0
a(-2.272097, 2.39899, 9.593566)g(0.02291577, 0.05209342, -0.008393569)m(-4.137304, -27.97266, 31.04531)
2077
$PMTK001,314,3*36\r
1291
1887

S3578574
0
a(-2.305616, 2.245761, 9.49301)g(0.02731241, 0.05942113, -0.0007993876)m(-3.417773, -27.61172, 30.69844)
2064
1287
1894

S3783541
0
a(-2.255338, 2.197877, 9.586384)g(0.02837825, 0.06141961, -0.002664625)m(-6.116015, -29.59687, 30.17812)
2080
$PMTK001,314,3*36\r
1286
1807

S3988518
0
a(-2.214637, 2.427721, 9.5385)g(0.02158346, 0.05595713, -0.004529863)m(-5.036718, -28.15312, 30.525)
2062
1285
1797

S4192547
0
a(-2.288857, 2.312799, 9.516952)g(0.02811179, 0.062219, -0.009326188)m(-4.49707, -27.61172, 30.35156)
2062
$GPRMC,235944.799,V,,,,,0.00,0.00,050180,,,N*4B\r
1289
1815

S4397541
0
a(-2.243367, 2.212242, 9.55047)g(0.02384839, 0.05982084, -0.005196019)m(-3.777539, -26.88984, 30.69844)
2061
1282
1806

S4601524
0
a(-2.238579, 2.348712, 9.569624)g(0.02065084, 0.06035376, -0.007194488)m(-5.936132, -29.05547, 29.31094)
2077
$PMTK001,314,3*36\r
1287
1901

S4805515
0
a(-2.27928, 2.255338, 9.464279)g(0.02331547, 0.05915468, -0.005196019)m(-6.295898, -29.05547, 31.04531)
2065
1287
1809

S5009522
0
a(-2.281674, 2.202666, 9.524135)g(0.02544717, 0.06235223, -0.0006661563)m(-4.49707, -27.25078, 30.69844)
2064
$PMTK001,314,3*36\r
1280
1844

S5214574
0
a(-2.305616, 2.327164, 9.555259)g(0.02464778, 0.0579556, -0.0009326187)m(-4.676953, -29.23594, 30.525)
2065
1287
1888

S5418515
0
a(-2.219425, 2.288857, 9.476251)g(0.02571363, 0.05782237, -0.006928025)m(-5.036718, -28.875, 31.9125)
2084
$PMTK001,220,3*30\r
1280
1808

S5623508
0
a(-2.255338, 2.178724, 9.543288)g(0.02238285, 0.06048699, 0.0002664625)m(-5.756249, -28.15312, 30.87188)
2070
1291
1891

S5827507
0
a(-2.231396, 2.293645, 9.545682)g(0.01945176, 0.05462481, -0.005728944)m(-4.317187, -28.15312, 31.21875)
2064
$GPRMC,235945.799,V,,,,,0.00,0.00,050180,,,N*4A\r
1308
1890

S6032519
0
a(-2.240973, 2.300828, 9.545682)g(0.02331547, 0.06141961, 0.002931087)m(-4.856836, -28.69453, 31.39219)
2071
1298
1874

S6237559
0
a(-2.245761, 2.245761, 9.636662)g(0.02664625, 0.05862175, 0.00106585)m(-3.957421, -28.15312, 29.83125)
2064
$PMTK001,220,3*30\r
1295
1844

S6442516
0
a(-2.231396, 2.257732, 9.572019)g(0.0234487, 0.0579556, -0.005862175)m(-3.957421, -27.79219, 30.17812)
2068
1305
1819

S6646548
0
a(-2.245761, 2.298434, 9.569624)g(0.02691271, 0.05582389, -0.00319755)m(-5.216601, -27.25078, 30.00469)
2067
$PMTK001,220,3*30\r
1299
1890

S6851563
0
a(-2.262521, 2.260126, 9.61272)g(0.02518071, 0.06128638, -0.003464013)m(-4.137304, -27.97266, 30.35156)
2070
1296
1830

S7055524
0
a(-2.267309, 2.274492, 9.528923)g(0.01905207, 0.05649005, -0.003330781)m(-4.317187, -28.51406, 31.21875)
2064
$GPRMC,235946.299,V,,,,,0.00,0.00,050180,,,N*4C\r
1291
1864

S7259524
0
a(-2.288857, 2.274492, 9.543288)g(0.02478101, 0.05462481, -0.0006661563)m(-5.756249, -28.51406, 30.17812)
2064
1298
1889

S7463526
0
a(-2.269703, 2.197877, 9.512163)g(0.02211639, 0.05782237, -0.004796325)m(-3.777539, -28.33359, 30.69844)
2064
$PMTK001,220,3*30\r
1296
1837

S7667583
0
a(-2.272097, 2.288857, 9.533711)g(0.02691271, 0.06448393, -0.004663094)m(-3.777539, -27.97266, 31.04531)
2078
1310
1819

S7872496
0
a(-2.257732, 2.245761, 9.55047)g(0.02424809, 0.05875498, -0.00106585)m(-5.936132, -28.33359, 30.00469)
2054
$GPRMC,235946.799,V,,,,,0.00,0.00,050180,,,N*49\r
1285
1799

S8077557
0
a(-2.262521, 2.267309, 9.557653)g(0.02544717, 0.0575559, -0.006528332)m(-4.676953, -27.43125, 31.21875)
2061
1296
1791

S8282518
0
a(-2.243367, 2.262521, 9.52174)g(0.02065084, 0.05649005, -0.003330781)m(-4.49707, -26.88984, 30.35156)
2070
$GPRMC,235947.299,V,,,,,0.00,0.00,050180,,,N*4D\r
1296
1895

S8487567
0
a(-2.264915, 2.298434, 9.55047)g(0.0255804, 0.05995407, -0.004663094)m(-2.518359, -29.23594, 29.1375)
2067
1296
1845

S8691558
0
a(-2.252944, 2.267309, 9.540894)g(0.02105054, 0.06062022, 0.0003996938)m(-4.49707, -28.69453, 29.31094)
2079
$GPRMC,235947.799,V,,,,,0.00,0.00,050180,,,N*48\r
1299
1862

S8896495
0
a(-2.267309, 2.317587, 9.504981)g(0.02531394, 0.06101991, -0.00746095)m(-4.317187, -27.79219, 31.21875)
2075
1299
1794

S9101559
0
a(-2.530671, 2.717419, 9.55047)g(0.03144258, 0.1124472, -0.00532925)m(-4.317187, -27.79219, 31.21875)
2080
$GPRMC,235948.299,V,,,,,0.00,0.00,050180,,,N*42\r
1296
1898

S9305575
0
a(-2.245761, 1.999158, 9.627085)g(0.02837825, 0.05569067, -0.003730475)m(-6.295898, -28.33359, 32.08593)
2063
1296
1882

S9509560
0
a(-2.209848, 2.458845, 9.514558)g(0.02251608, 0.05249311, -0.004663094)m(-5.036718, -29.95781, 28.79062)
2082
$GPRMC,235948.799,V,,,,,0.00,0.00,050180,,,N*47\r
1291
1829

S9714514
0
a(-2.329558, 2.284068, 9.617508)g(0.02251608, 0.05275958, -0.007594181)m(-4.676953, -28.875, 30.17812)
2067
1299
1797

S9918492
0
a(-2.255338, 2.224213, 9.545682)g(0.01971823, 0.05395866, -0.00532925)m(-4.856836, -27.61172, 30.35156)
2065
$GPRMC,235949.299,V,,,,,0.00,0.00,050180,,,N*43\r
1302
1898

S10123567
0
a(-2.262521, 2.27928, 9.500193)g(0.02318224, 0.05342574, -0.001598775)m(-5.936132, -27.61172, 31.73906)
2069
1286
1886

S10327567
0
a(-2.949656, 2.743755, 9.555259)g(0.02651302, 0.1775973, -0.01718683)m(-4.49707, -27.97266, 31.04531)
2075
$GPRMC,235949.799,V,,,,,0.00,0.00,050180,,,N*46\r
1299
1827

S10532510
0
a(-2.147599, 1.867477, 9.598354)g(0.02837825, 0.02171669, 0.002664625)m(-5.396484, -28.51406, 30.525)
2065
1298
1855

S10736512
0
a(-2.243367, 2.499547, 9.519346)g(0.02438132, 0.07607504, -0.004396631)m(-3.957421, -27.07031, 31.21875)
2071
$GPRMC,235950.300,V,,,,,0.00,0.00,050180,,,N*4A\r
1289
1749

S10941552
0
a(-2.312799, 2.262521, 9.56723)g(0.02877795, 0.06141961, -0.005062788)m(-5.036718, -28.15312, 30.87188)
2081
1290
1813

S11145559
0
a(-2.260126, 2.224213, 9.526528)g(0.02224962, 0.05355896, -0.00319755)m(-5.756249, -29.23594, 31.21875)
2075
$GPRMC,235950.800,V,,,,,0.00,0.00,050180,,,N*41\r
1285
1872

S11350518
0
a(-2.169147, 2.286463, 9.552865)g(0.02251608, 0.05222665, 0.003330781)m(-5.396484, -27.43125, 30.525)
2066
1283
1893

S11554508
0
a(-2.202666, 2.035071, 9.519346)g(0.04396632, 0.04783002, -0.004796325)m(-5.036718, -27.79219, 29.83125)
2064
$GPRMC,235951.300,V,,,,,0.00,0.00,050180,,,N*4B\r
1298
1889

S11759578
0
a(-2.257732, 2.468422, 9.509769)g(0.02065084, 0.06568301, -0.007594181)m(-5.576367, -28.33359, 28.61719)
2079
1296
1866

S11963541
0
a(-2.195483, 2.23379, 9.52174)g(0.02598009, 0.05076111, -0.004663094)m(-3.957421, -28.51406, 30.17812)
2070
$GPRMC,235951.800,V,,,,,0.00,0.00,050180,,,N*40\r
1291
1882

S12167559
0
a(-2.238579, 2.238579, 9.536105)g(0.02864472, 0.05942113, -0.0009326187)m(-5.036718, -28.15312, 30.17812)
2077
1303
1850

S12371522
0
a(-2.293645, 2.300828, 9.516952)g(0.02371516, 0.06328485, -0.006794794)m(-5.036718, -27.43125, 30.525)
2073
$GPRMC,235952.300,V,,,,,0.00,0.00,050180,,,N*48\r
1291
1892

S12575519
0
a(-2.267309, 2.27928, 9.516952)g(0.02011792, 0.05649005, -0.004929556)m(-4.137304, -27.97266, 31.39219)
2075
1296
1854

S12779555
0
a(-2.260126, 2.267309, 9.569624)g(0.02464778, 0.06275192, -0.004663094)m(-3.597656, -29.95781, 29.83125)
2066
$GPRMC,235952.800,V,,,,,0.00,0.00,050180,,,N*43\r
1314
1858

S12984540
0
a(-2.226608, 2.284068, 9.519346)g(0.02717917, 0.05955438, -0.003730475)m(-4.137304, -27.61172, 32.08593)
2064
1312
1799

S13188514
0
a(-2.264915, 2.293645, 9.461885)g(0.02504747, 0.05955438, -0.001465544)m(-4.137304, -27.25078, 31.04531)
2064
$GPRMC,235953.300,V,,,,,0.00,0.00,050180,,,N*49\r
1290
1803

S13393527
0
a(-2.30801, 2.257732, 9.548077)g(0.0255804, 0.05902144, 0.0009326187)m(-4.856836, -27.97266, 28.96406)
2067
1301
1876

S13597510
0
a(-2.255338, 2.293645, 9.557653)g(0.02971057, 0.06008729, -0.00532925)m(-4.49707, -28.33359, 30.35156)
2075
$GPRMC,235953.800,V,,,,,0.00,0.00,050180,,,N*42\r
1303
1802

S13802567
0
a(-2.240973, 2.319981, 9.524135)g(0.02264931, 0.05622359, -0.003996938)m(-5.576367, -27.25078, 30.00469)
2064
1295
1886

S14006543
0
a(-2.25055, 2.272097, 9.557653)g(0.02518071, 0.05902144, -0.002664625)m(-6.475781, -28.51406, 30.525)
2069
$GPRMC,235954.300,V,,,,,0.00,0.00,050180,,,N*4E\r
1305
1799

S14210574
0
a(-2.23379, 2.238579, 9.497798)g(0.02371516, 0.06022053, -0.004396631)m(-4.676953, -28.15312, 30.87188)
2064
1291
1847

S14414516
0
a(-2.248155, 2.319981, 9.562442)g(0.02198316, 0.05289281, -0.004130169)m(-5.216601, -28.33359, 31.04531)
2061
$GPRMC,235954.800,V,,,,,0.00,0.00,050180,,,N*45\r
1287
1888

S14619557
0
a(-2.226608, 2.245761, 9.562442)g(0.02651302, 0.06075345, -0.005196019)m(-4.49707, -27.25078, 31.04531)
2067
1305
1886

S14824518
0
a(-2.224213, 2.291251, 9.55047)g(0.02784533, 0.05888822, -0.00106585)m(-6.116015, -29.23594, 30.17812)
2074
$GPRMC,235955.300,V,,,,,0.00,0.00,050180,,,N*4F\r
1296
1845

S15028502
0
a(-2.245761, 2.276886, 9.569624)g(0.02451455, 0.05609035, -0.003464013)m(-4.856836, -27.97266, 31.04531)
2063
1292
1792

S15232510
0
a(-2.274492, 2.248155, 9.490616)g(0.02398163, 0.06288515, -0.002664625)m(-4.49707, -27.25078, 30.69844)
2064
$GPRMC,235955.800,V,,,,,0.00,0.00,050180,,,N*44\r
1296
1899

S15437558
0
a(-2.738967, 2.497152, 10.69969)g(0.0149219, 0.05915468, 0.008260338)m(-4.317187, -29.59687, 31.21875)
2065
1297
1825

S15641556
0
a(-2.291251, 2.102109, 9.548077)g(0.03210873, 0.05955438, -0.00106585)m(-4.137304, -27.97266, 30.35156)
2063
$GPRMC,235956.300,V,,,,,0.00,0.00,050180,,,N*4C\r
1296
1781

S15846523
0
a(-2.260126, 2.274492, 9.49301)g(0.02424809, 0.05595713, -0.000532925)m(-4.317187, -28.875, 31.21875)
2075
1296
1811

S16050494
0
a(-2.284068, 2.317587, 9.548077)g(0.02198316, 0.05435835, -0.002797856)m(-4.137304, -29.41641, 30.69844)
2064
$GPRMC,235956.800,V,,,,,0.00,0.00,050180,,,N*47\r
1303
1886

S16255562
0
a(-2.274492, 2.257732, 9.564836)g(0.02051761, 0.06155284, -0.0021317)m(-3.777539, -27.25078, 30.35156)
2061
1296
1799

S16459561
0
a(-2.27928, 2.260126, 9.543288)g(0.019585, 0.05662329, -0.001465544)m(-4.317187, -29.23594, 29.83125)
2064
$GPRMC,235957.300,V,,,,,0.00,0.00,050180,,,N*4D\r
1301
1792

S16664522
0
a(-2.286463, 2.269703, 9.560047)g(0.02398163, 0.06235223, -0.003863707)m(-4.676953, -29.23594, 30.17812)
2071
1312
1866

S16869566
0
a(-2.262521, 2.293645, 9.500193)g(0.02065084, 0.05728944, -0.0021317)m(-3.777539, -29.05547, 29.65781)
2071
$GPRMC,235957.800,V,,,,,0.00,0.00,050180,,,N*46\r
1303
1810

S17074545
0
a(-2.252944, 2.293645, 9.600749)g(0.02478101, 0.06075345, -0.003730475)m(-4.676953, -28.875, 30.87188)
2064
1310
1888

S17279542
0
a(-2.226608, 2.334347, 9.564836)g(0.02371516, 0.05702298, -0.00532925)m(-4.676953, -27.79219, 30.525)
2063
$GPRMC,235958.300,V,,,,,0.00,0.00,050180,,,N*42\r
1298
1834

S17484553
0
a(-2.262521, 2.252944, 9.579201)g(0.02784533, 0.05688975, -0.003597244)m(-5.216601, -29.05547, 28.96406)
2076
1305
1886

S17689524
0
a(-2.264915, 2.262521, 9.5385)g(0.02358193, 0.062219, -0.002797856)m(-4.137304, -28.33359, 31.73906)
2075
$GPRMC,235958.800,V,,,,,0.00,0.00,050180,,,N*49\r
1298
1808

S17894550
0
a(-2.243367, 2.300828, 9.524135)g(0.02931087, 0.05742267, -0.003996938)m(-4.137304, -27.25078, 31.04531)
2063
1310
1856

S18099525
0
a(-2.219425, 2.262521, 9.564836)g(0.03037673, 0.06022053, -0.007061257)m(-4.317187, -27.79219, 30.525)
2066
$GPRMC,235959.300,V,,,,,0.00,0.00,050180,,,N*43\r
1311
1845

S18304572
0
a(-2.240973, 2.195483, 9.588778)g(0.02451455, 0.05768914, -0.007993875)m(-4.137304, -27.25078, 32.08593)
2063
1301
1857

S18509508
0
a(-2.243367, 2.274492, 9.516952)g(0.02011792, 0.05822206, -0.004396631)m(-4.137304, -30.49922, 30.00469)
2065
$GPRMC,235959.800,V,,,,,0.00,0.00,050180,,,N*48\r
1298
1890

S18714564
0
a(-2.214637, 2.264915, 9.545682)g(0.0277121, 0.06035376, -0.004130169)m(-5.036718, -27.43125, 29.83125)
2069
1300
1825

S18919510
0
a(-2.193089, 2.214637, 9.548077)g(0.02371516, 0.05315928, -0.00106585)m(-3.417773, -29.05547, 28.96406)
2063
$GPRMC,000000.300,V,,,,,0.00,0.00,060180,,,N*41\r
1296
1878

S19124549
0
a(-2.236184, 2.284068, 9.56723)g(0.02691271, 0.06022053, -0.005862175)m(-5.936132, -28.69453, 30.35156)
2074
1301
1819

S19329572
0
a(-2.255338, 2.257732, 9.488221)g(0.02118377, 0.06062022, -0.003064319)m(-3.058008, -26.5289, 31.04531)
2065
$GPRMC,000000.800,V,,,,,0.00,0.00,060180,,,N*4A\r
1296
1853

S19534559
0
a(-2.260126, 2.260126, 9.562442)g(0.02598009, 0.05902144, -0.003330781)m(-3.23789, -28.51406, 30.17812)
2059
1280
1871

S19738561
0
a(-2.267309, 2.272097, 9.512163)g(0.02384839, 0.05609035, -0.003464013)m(-3.777539, -27.97266, 31.39219)
2064
$GPRMC,000001.300,V,,,,,0.00,0.00,060180,,,N*40\r
1295
1835

S19942567
0
a(-2.25055, 2.296039, 9.562442)g(0.02651302, 0.05915468, -0.001865237)m(-4.317187, -28.875, 29.1375)
2082
1296
1808

S20147493
0
a(-2.252944, 2.269703, 9.579201)g(0.02584686, 0.06062022, -0.003464013)m(-5.396484, -29.23594, 31.21875)
2071

1302
1808

S20351555
0
a(-2.248155, 2.30801, 9.581595)g(0.02531394, 0.05635682, 0.002664625)m(-4.856836, -29.77734, 30.00469)
2071
1306
1863

S20555551
0
a(-2.252944, 2.284068, 9.488221)g(0.0234487, 0.06328485, -0.004529863)m(-4.49707, -27.97266, 31.39219)
2069
$GPRMC,000001.800,V,,,,,0.00,0.00,060180,,,N*4B\r
1315
1847

S20759552
0
a(-2.267309, 2.245761, 9.524135)g(0.02691271, 0.05768914, -0.0002664625)m(-4.49707, -28.69453, 30.00469)
2065
1317
1888

S20963552
0
a(-2.281674, 2.240973, 9.593566)g(0.02438132, 0.06022053, -0.006661563)m(-6.116015, -28.875, 31.56562)
2074
$GPRMC,000002.300,V,,,,,0.00,0.00,060180,,,N*43\r
1311
1856

S21168523
0
a(-2.240973, 2.310405, 9.504981)g(0.01998469, 0.05915468, 0.002398162)m(-5.756249, -28.51406, 30.17812)
2064
1317
1808

S21372536
0
a(-2.252944, 2.281674, 9.533711)g(0.02531394, 0.05688975, -0.008260338)m(-4.676953, -28.15312, 31.9125)
2071
$GPRMC,000002.800,V,,,,,0.00,0.00,060180,,,N*48\r
1310
1808

S21577549
0
a(-2.284068, 2.269703, 9.526528)g(0.02731241, 0.05742267, -0.003330781)m(-5.216601, -27.61172, 31.04531)
2067
1313
1826

S21781522
0
a(-2.238579, 2.276886, 9.607931)g(0.02358193, 0.05728944, -0.004529863)m(-4.49707, -28.33359, 32.77969)
2064
$GPRMC,000003.300,V,,,,,0.00,0.00,060180,,,N*42\r
1305
1808

S21985510
0
a(-2.236184, 2.296039, 9.627085)g(0.02797856, 0.05915468, -0.001598775)m(-4.856836, -28.69453, 30.00469)
2080
1321
1803
