1805676
239
acc(0.1460463, 0.6823475, 9.916783)gyro(0.02358193, 0.05768914, -0.06621593)mag(41.55293, -13.17422, 37.63594)
2071
None
1474
297

2009508
177
acc(0.1125275, 0.56982, 9.909601)gyro(0.0255804, 0.04156815, -0.1979816)mag(41.91269, -14.25703, 36.94218)
2068
1488
295

2213503
128
acc(0.1819593, 0.6392518, 9.967062)gyro(0.02384839, 0.05435835, -0.0021317)mag(40.29375, -12.99375, 37.4625)
2074
b'$PMTK001,314,3*36\r\n'
1489
282

2418547
203
acc(0.1460463, 0.6081272, 9.983821)gyro(0.0191853, 0.05715621, -0.005062788)mag(42.09258, -15.52031, 36.42187)
2064
1475
272

2622533
131
acc(0.1484405, 0.6488287, 9.890448)gyro(0.02371516, 0.05422512, -0.004796325)mag(41.01328, -13.35469, 36.76875)
2073
b'$GPRMC,235943.800,V,,,,,0.00,0.00,050180,,,N*43\r\n'
1478
265

2827562
102
acc(0.1675941, 0.6392518, 9.983821)gyro(0.01945176, 0.05728944, -0.002931087)mag(40.47363, -13.53516, 35.20781)
2064
1472
258

3031515
133
acc(0.1604115, 0.581791, 10.00537)gyro(0.01931853, 0.05728944, 0.002531394)mag(41.37304, -14.07656, 37.80937)
2067
b'$PMTK001,314,3*36\r\n'
1477
258

3235549
145
acc(0.1723825, 0.6727707, 9.952697)gyro(0.0191853, 0.05529098, 0.005062788)mag(41.55293, -13.17422, 36.24844)
2051
1469
238

3440539
138
acc(0.1388637, 0.6272808, 9.957485)gyro(0.021317, 0.06075345, 0.00319755)mag(39.93398, -13.71562, 37.11562)
2069
b'$PMTK001,314,3*36\r\n'
1488
237

3645553
128
acc(0.1556231, 0.6943185, 9.988609)gyro(0.01771976, 0.0575559, 0.003863707)mag(40.29375, -13.71562, 35.38125)
2070
1472
251

3850538
151
acc(0.1388637, 0.7015011, 10.00776)gyro(0.01971823, 0.05862175, 0.004130169)mag(41.19316, -14.25703, 35.90156)
2061
b'$PMTK001,314,3*36\r\n'
1485
240

4054564
126
acc(0.1388637, 0.6512229, 9.967062)gyro(0.01971823, 0.05595713, 0.001998469)mag(40.8334, -14.61797, 35.90156)
2054
1488
239

4259511
121
acc(0.1197101, 0.6631939, 10.0317)gyro(0.02264931, 0.05928791, -0.002264931)mag(40.47363, -13.53516, 36.24844)
2059
b'$GPRMC,235944.799,V,,,,,0.00,0.00,050180,,,N*4B\r\n'
1479
230

4463513
94
acc(0.1388637, 0.6272808, 9.955091)gyro(0.02464778, 0.05982084, 0.0021317)mag(41.19316, -15.33984, 36.24844)
2064
1485
237

4667507
96
acc(0.1675941, 0.593762, 9.967062)gyro(0.01945176, 0.0596876, 0.002931087)mag(40.65351, -14.07656, 36.76875)
2058
b'$PMTK001,314,3*36\r\n'
1479
240

4871500
99
acc(0.1604115, 0.6488287, 9.981427)gyro(0.02025115, 0.05382543, 0.002931087)mag(41.37304, -14.79844, 36.42187)
2066
1479
235

5076554
112
acc(0.1388637, 0.6727707, 9.923966)gyro(0.0255804, 0.05062788, -0.232755)mag(41.01328, -13.71562, 37.4625)
2055
b'$PMTK001,314,3*36\r\n'
1481
222

5280572
112
acc(0.2106898, 0.6129156, 10.00537)gyro(0.02011792, 0.05635682, -0.0001332313)mag(40.47363, -13.89609, 38.67656)
2064
1476
231

5485515
86
acc(0.1915361, 0.6631939, 10.02692)gyro(0.0191853, 0.05715621, 0.003730475)mag(40.29375, -14.07656, 38.85)
2064
b'$PMTK001,220,3*30\r\n'
1486
221

5689507
123
acc(0.1316811, 0.6392518, 9.919178)gyro(0.02078407, 0.05449158, 0.003597244)mag(38.49492, -14.07656, 38.50312)
2054
1475
258

5893499
81
acc(0.1388637, 0.605733, 10.0341)gyro(0.02171669, 0.05728944, 0.003464013)mag(39.39433, -13.89609, 37.98281)
2068
b'$GPRMC,235945.799,V,,,,,0.00,0.00,050180,,,N*4A\r\n'
1486
223

6098557
98
acc(0.2681506, 0.6703765, 9.938332)gyro(0.01811945, 0.0596876, 0.009192957)mag(39.7541, -12.09141, 39.02344)
2063
1472
233

6303515
105
acc(0.1580173, 0.6488287, 9.974244)gyro(0.01931853, 0.05622359, 0.0003996938)mag(38.85469, -12.99375, 37.80937)
2064
b'$PMTK001,220,3*30\r\n'
1482
231

6508556
135
acc(0.1364695, 0.6392518, 9.959879)gyro(0.01798622, 0.05595713, 0.001732006)mag(39.21445, -13.71562, 37.4625)
2064
1477
222

6713509
81
acc(0.1268927, 0.6272808, 9.979033)gyro(0.01931853, 0.05742267, 0.0006661563)mag(39.21445, -12.27188, 37.80937)
2071
b'$GPRMC,235946.299,V,,,,,0.00,0.00,050180,,,N*4C\r\n'
1481
218

6917503
118
acc(0.1053449, 0.6560113, 9.981427)gyro(0.02198316, 0.06048699, 0.003330781)mag(39.93398, -14.4375, 37.80937)
2065
1472
221

7122551
77
acc(0.1939303, 0.6272808, 9.916783)gyro(0.02184993, 0.05902144, 0.0007993876)mag(39.57421, -12.63281, 37.80937)
2051
b'$PMTK001,220,3*30\r\n'
1475
213

7326520
81
acc(0.1484405, 0.6248866, 9.935937)gyro(0.0170536, 0.05662329, 0.0021317)mag(37.77539, -13.71562, 37.4625)
2062
1479
225

7531554
77
acc(0.1125275, 0.641646, 9.923966)gyro(0.01678714, 0.05409189, -0.003464013)mag(39.03457, -12.81328, 37.63594)
2064
b'$PMTK001,220,3*30\r\n'
1476
215

7735574
92
acc(0.1460463, 0.6560113, 10.01974)gyro(0.02358193, 0.05728944, 0.0)mag(39.21445, -13.71562, 37.4625)
2062
1482
227

7939542
79
acc(0.1556231, 0.6248866, 9.945514)gyro(0.02291577, 0.05862175, -0.002664625)mag(38.85469, -14.07656, 37.4625)
2063
b'$GPRMC,235946.799,V,,,,,0.00,0.00,050180,,,N*49\r\n'
1473
224

8143541
86
acc(0.1244985, 0.6105214, 9.979033)gyro(0.01971823, 0.0596876, 0.001598775)mag(39.39433, -11.73047, 37.98281)
2064
1489
218

8347542
89
acc(0.1628057, 0.6248866, 9.909601)gyro(0.01905207, 0.05928791, 0.003064319)mag(39.57421, -12.99375, 38.85)
2059
b'$GPRMC,235947.299,V,,,,,0.00,0.00,050180,,,N*4D\r\n'
1486
221

8552550
99
acc(0.1963245, 0.6799533, 9.981427)gyro(0.01798622, 0.05688975, 0.003064319)mag(38.13515, -13.35469, 37.4625)
2062
1485
238

8757526
112
acc(0.1604115, 0.6440403, 10.00297)gyro(0.02025115, 0.05688975, 0.00106585)mag(38.85469, -12.63281, 38.85)
2063
b'$GPRMC,235947.799,V,,,,,0.00,0.00,050180,,,N*48\r\n'
1487
220

8962540
65
acc(0.1580173, 0.6200982, 9.955091)gyro(0.01758653, 0.05649005, -0.04716386)mag(38.31504, -12.81328, 36.94218)
2069
1480
208

9166545
80
acc(0.1292869, 0.6320692, 9.988609)gyro(0.01998469, 0.05409189, -0.02184993)mag(38.13515, -12.63281, 38.15625)
2066
b'$GPRMC,235948.299,V,,,,,0.00,0.00,050180,,,N*42\r\n'
1472
192

9371516
82
acc(0.1508347, 0.6560113, 9.969456)gyro(0.02011792, 0.05515773, 0.003064319)mag(39.03457, -13.89609, 37.98281)
2064
1488
226

9576507
94
acc(0.1795651, 0.6248866, 9.952697)gyro(0.02184993, 0.05382543, 0.0001332313)mag(37.95527, -13.17422, 37.98281)
2069
b'$GPRMC,235948.799,V,,,,,0.00,0.00,050180,,,N*47\r\n'
1482
240

9780519
83
acc(0.1843535, 0.6320692, 9.964667)gyro(0.02091731, 0.05515773, 0.0042634)mag(40.47363, -13.17422, 37.28906)
2069
1472
217

9985550
64
acc(0.1915361, 0.7781156, 10.04846)gyro(0.02051761, 0.05089435, -0.06594947)mag(39.21445, -13.71562, 39.19687)
2066
b'$GPRMC,235949.299,V,,,,,0.00,0.00,050180,,,N*43\r\n'
1472
176

10190518
71
acc(0.2298434, 0.5291186, 9.866506)gyro(0.03237519, 0.04663095, -0.4467244)mag(38.49492, -13.35469, 37.11562)
2068
1473
222

10394515
90
acc(0.1460463, 0.3543419, 10.10353)gyro(0.01878561, 0.05342574, -0.08220368)mag(39.21445, -14.07656, 39.19687)
2061
b'$GPRMC,235949.799,V,,,,,0.00,0.00,050180,,,N*46\r\n'
1483
256

10598514
111
acc(-0.1316811, 0.6727707, 10.02692)gyro(0.02184993, 0.0643507, 0.1720015)mag(37.23574, -13.17422, 37.63594)
2065
1478
251

10803571
80
acc(0.1268927, 0.6320692, 9.986216)gyro(0.02145023, 0.05848852, 0.003464013)mag(38.85469, -12.63281, 37.80937)
2067
b'$GPRMC,235950.300,V,,,,,0.00,0.00,050180,,,N*4A\r\n'
1474
207

11008549
65
acc(0.1364695, 0.581791, 9.909601)gyro(0.02105054, 0.08273661, 0.2458117)mag(36.87597, -14.25703, 37.63594)
2064
1481
199

11212543
94
acc(0.06464344, 0.629675, 9.97185)gyro(0.01718683, 0.06062022, -0.06341808)mag(39.93398, -14.07656, 37.80937)
2065
b'$GPRMC,235950.800,V,,,,,0.00,0.00,050180,,,N*41\r\n'
1488
226

11417526
106
acc(0.7206547, 0.3399766, 2.530671)gyro(0.04076877, 0.006794794, -1.879893)mag(38.6748, -13.53516, 37.98281)
2063
1482
261

11621523
98
acc(0.320823, 0.6655881, 9.957485)gyro(0.02078407, 0.05449158, -0.09752527)mag(39.7541, -13.89609, 36.24844)
2061
b'$GPRMC,235951.300,V,,,,,0.00,0.00,050180,,,N*4B\r\n'
1465
229

11825532
50
acc(0.2322376, 0.7613561, 9.945514)gyro(0.02118377, 0.05715621, -0.04822971)mag(38.6748, -13.53516, 36.94218)
2062
1478
178

12029508
69
acc(0.1388637, 0.6224924, 9.967062)gyro(0.02078407, 0.05635682, 0.003863707)mag(37.41562, -12.99375, 36.76875)
2064
b'$GPRMC,235951.800,V,,,,,0.00,0.00,050180,,,N*40\r\n'
1482
187

12234540
106
acc(0.2394202, 0.7422025, 9.947908)gyro(0.02438132, 0.05688975, -0.04383308)mag(37.95527, -13.17422, 36.24844)
2057
1500
259

12438516
75
acc(0.1651999, 0.6991069, 10.00776)gyro(0.02411486, 0.05848852, 0.002664625)mag(39.21445, -14.07656, 35.72812)
2064
b'$GPRMC,235952.300,V,,,,,0.00,0.00,050180,,,N*48\r\n'
1502
229

12642527
75
acc(0.1651999, 0.6440403, 9.952697)gyro(0.02464778, 0.05742267, 0.007194488)mag(38.49492, -14.07656, 35.72812)
2058
1488
204

12846534
67
acc(0.04548983, 0.7445967, 9.94312)gyro(0.01998469, 0.05822206, 0.04076877)mag(39.39433, -13.89609, 34.86094)
2054
b'$GPRMC,235952.800,V,,,,,0.00,0.00,050180,,,N*43\r\n'
1482
175

13051498
84
acc(0.1173159, 0.6272808, 9.962274)gyro(0.02358193, 0.05635682, -0.0009326187)mag(37.77539, -12.63281, 35.03438)
2074
1488
210

13256566
102
acc(0.1388637, 0.6823475, 9.928755)gyro(0.02184993, 0.0596876, 0.0009326187)mag(38.31504, -14.61797, 35.20781)
2072
b'$GPRMC,235953.300,V,,,,,0.00,0.00,050180,,,N*49\r\n'
1486
240

13461521
106
acc(0.4285621, 0.6248866, 9.964667)gyro(0.01785299, 0.06235223, 0.2142359)mag(39.21445, -15.88125, 33.3)
2064
1502
208

13666563
77
acc(0.4932055, 0.617704, 10.0317)gyro(0.02011792, 0.0596876, 0.01052527)mag(41.01328, -19.12969, 33.64687)
2058
b'$GPRMC,235953.800,V,,,,,0.00,0.00,050180,,,N*42\r\n'
1513
189

13870571
77
acc(0.4381389, 0.6105214, 9.916783)gyro(0.02184993, 0.06075345, 0.001465544)mag(40.65351, -18.76875, 31.21875)
2059
1493
223

14074549
81
acc(0.07661445, 0.03830723, 10.01016)gyro(0.02158346, 0.06848086, 0.1576126)mag(42.27246, -20.03203, 29.31094)
2064
b'$GPRMC,235954.300,V,,,,,0.00,0.00,050180,,,N*4E\r\n'
1490
237

14279523
89
acc(0.02394202, 0.56982, 10.05565)gyro(0.01985146, 0.06181931, 0.114046)mag(41.73281, -21.65625, 27.75)
2064
1506
233

14483508
64
acc(0.1221043, 0.5171475, 10.00297)gyro(0.01971823, 0.05715621, -0.001465544)mag(43.35176, -23.28047, 24.10781)
2059
b'$GPRMC,235954.800,V,,,,,0.00,0.00,050180,,,N*45\r\n'
1489
206

14688567
62
acc(0.2466028, 0.6320692, 9.959879)gyro(0.02797856, 0.0554242, -0.1911869)mag(43.71152, -24.72422, 17.86406)
2060
1503
183

14892572
69
acc(-0.2298434, 0.641646, 9.962274)gyro(0.02464778, 0.05462481, -0.09512712)mag(43.89141, -24.54375, 17.69062)
2066
b'$GPRMC,235955.300,V,,,,,0.00,0.00,050180,,,N*4F\r\n'
1489
209

15096562
83
acc(-0.05506664, 0.6488287, 9.923966)gyro(0.01692037, 0.05728944, -0.003996938)mag(41.55293, -26.16797, 11.96719)
2061
1489
261

15301517
90
acc(0.02154782, 0.8714894, 10.24)gyro(0.03064319, 0.0596876, -0.4262068)mag(43.35176, -26.88984, 14.04844)
2070
b'$GPRMC,235955.800,V,,,,,0.00,0.00,050180,,,N*44\r\n'
1499
237

15506555
69
acc(0.1197101, 0.7517793, 9.967062)gyro(0.02438132, 0.04023584, -0.4792328)mag(46.05, -18.40781, 24.975)
2067
1486
179

15711510
80
acc(0.2202666, 0.7302315, 9.952697)gyro(0.02065084, 0.05529098, 0.1059188)mag(45.69023, -14.4375, 29.1375)
2061
b'$GPRMC,235956.300,V,,,,,0.00,0.00,050180,,,N*4C\r\n'
1488
182

15916559
80
acc(-0.1460463, 0.7445967, 10.04846)gyro(0.04343339, 0.09192957, -0.4500552)mag(44.07129, -11.73047, 27.22969)
2063
1488
246

16121531
78
acc(0.6081272, 0.5291186, 10.15141)gyro(0.0191853, 0.06235223, 0.2576692)mag(42.09258, -11.91094, 28.79062)
2061
b'$GPRMC,235956.800,V,,,,,0.00,0.00,050180,,,N*47\r\n'
1477
237

16325553
41
acc(0.9193734, 0.1771709, 10.89601)gyro(0.004130169, 0.3192221, 2.243481)mag(39.93398, -10.46719, 30.17812)
2067
1490
179

16529518
91
acc(-0.3639187, 0.6967127, 9.969456)gyro(-0.0554242, -0.2031777, 0.2518071)mag(39.03457, -7.760156, 32.08593)
2064
b'$GPRMC,235957.300,V,,,,,0.00,0.00,050180,,,N*4D\r\n'
1489
175

16733510
78
acc(-0.1436521, 1.108515, 10.10832)gyro(0.04649771, 0.3268163, 1.203478)mag(33.09844, -9.023437, 35.03438)
2062
1495
225

16937516
98
acc(0.06224924, 0.5410896, 9.828198)gyro(0.03424043, 0.02171669, -0.9797827)mag(30.58008, -9.023437, 36.075)
2054
b'$GPRMC,235957.800,V,,,,,0.00,0.00,050180,,,N*46\r\n'
1489
244

17142530
75
acc(1.039083, 0.4070143, 9.476251)gyro(0.03983614, -0.003863707, -1.302202)mag(28.60137, -12.81328, 36.59531)
2059
1488
209

17346542
59
acc(0.1891419, 0.7972692, 9.911995)gyro(0.02118377, 0.0596876, 0.1115146)mag(30.4002, -11.73047, 34.16719)
2076
b'$GPRMC,235958.300,V,,,,,0.00,0.00,050180,,,N*42\r\n'
1486
250

17551507
62
acc(-0.4548983, 0.6536171, 9.993398)gyro(0.02704594, 0.04516539, -0.06421746)mag(27.1623, -13.53516, 34.86094)
2066
1488
198

17756561
70
acc(0.4836287, 0.4213795, 9.928755)gyro(0.02797856, 0.02651302, -0.696533)mag(27.1623, -17.86641, 37.98281)
2064
b'$GPRMC,235958.800,V,,,,,0.00,0.00,050180,,,N*49\r\n'
1495
238

17960562
102
acc(0.225055, 0.5482722, 9.979033)gyro(0.019585, 0.0554242, 0.04529863)mag(28.42148, -16.24219, 37.11562)
2065
1491
237

18165494
64
acc(0.1268927, 0.7422025, 9.976639)gyro(0.02105054, 0.06808117, 0.005995407)mag(25.90312, -16.96406, 37.80937)
2047
b'$GPRMC,235959.300,V,,,,,0.00,0.00,050180,,,N*43\r\n'
1483
192

18370570
62
acc(-0.533907, 0.830788, 10.01974)gyro(0.03064319, 0.08193722, 0.006794794)mag(26.08301, -18.58828, 40.06406)
2067
1495
190

18574511
55
acc(-0.1460463, 0.6751649, 9.991004)gyro(0.0106585, 0.06515008, 0.266196)mag(25.36348, -19.67109, 39.71719)
2054
b'$GPRMC,235959.800,V,,,,,0.00,0.00,050180,,,N*48\r\n'
1502
224

18779525
105
acc(0.4477157, 0.5003881, 9.907207)gyro(0.01798622, 0.06115315, 0.1680046)mag(24.28418, -20.03203, 41.45156)
2063
1494
251

18984524
71
acc(0.4501099, 0.56982, 9.880871)gyro(0.01825268, 0.05928791, 0.05742267)mag(24.28418, -21.47578, 42.14531)
2074
b'$GPRMC,000000.300,V,,,,,0.00,0.00,060180,,,N*41\r\n'
1499
211

19188509
49
acc(0.1125275, 0.7374141, 9.998186)gyro(0.01665391, 0.06022053, 0.1350965)mag(25.90312, -20.93437, 41.625)
2062
1490
164

19393555
55
acc(0.1675941, 0.6488287, 9.964667)gyro(0.02051761, 0.05435835, 0.008926495)mag(25.54336, -16.24219, 37.80937)
2057
b'$GPRMC,000000.800,V,,,,,0.00,0.00,060180,,,N*4A\r\n'
1494
199

19598528
93
acc(0.1915361, 0.5746084, 10.00776)gyro(0.02358193, 0.05915468, -0.01652068)mag(25.72324, -16.42266, 38.32969)
2054
1488
246

19802537
72
acc(0.1939303, 0.6607997, 9.993398)gyro(0.02224962, 0.05662329, 0.004663094)mag(26.62266, -16.24219, 39.19687)
2064
b'$GPRMC,000001.300,V,,,,,0.00,0.00,060180,,,N*40\r\n'
1488
235

20006529
58
acc(0.1221043, 0.5985504, 9.94312)gyro(0.01798622, 0.05915468, 0.005196019)mag(28.60137, -17.14453, 41.79843)
2064
1474
176

20211527
61
acc(0.3136404, 0.56982, 9.97185)gyro(0.02051761, 0.05342574, -0.07101226)mag(29.86054, -18.04687, 41.27812)
2064
None
1472
240

20416530
72
acc(0.2944868, 0.593762, 10.00776)gyro(0.0234487, 0.05475805, -0.0490291)mag(30.04043, -18.94922, 42.14531)
2061
1481
237

20621511
59
acc(0.1149217, 0.7062895, 9.92636)gyro(0.02011792, 0.04942879, -0.1001899)mag(31.47949, -19.31016, 41.45156)
2063
b'$GPRMC,000001.800,V,,,,,0.00,0.00,060180,,,N*4B\r\n'
1472
241

20826563
63
acc(0.1292869, 0.641646, 9.959879)gyro(0.01931853, 0.0554242, 0.01625421)mag(32.73867, -19.12969, 41.97187)
2058
1488
176

21031518
56
acc(-0.004788404, 0.6536171, 9.950302)gyro(0.01745329, 0.05622359, 0.1857244)mag(30.58008, -18.76875, 42.31875)
2054
b'$GPRMC,000002.300,V,,,,,0.00,0.00,060180,,,N*43\r\n'
1483
139

21235512
81
acc(0.1244985, 0.6248866, 10.13226)gyro(0.0362389, 0.03104288, 0.02904441)mag(31.83926, -18.58828, 41.79843)
2062
1488
227

21440574
73
acc(0.3519476, 0.4237737, 9.868899)gyro(0.02531394, 0.05555744, -0.1051195)mag(32.73867, -16.96406, 41.97187)
2043
b'$GPRMC,000002.800,V,,,,,0.00,0.00,060180,,,N*48\r\n'
1482
256

21645560
64
acc(0.3136404, 0.6009446, 9.97185)gyro(0.02784533, 0.05009495, -0.1059188)mag(31.83926, -19.31016, 41.10469)
2063
1483
186

21850518
59
acc(-0.4644751, 0.7230489, 9.868899)gyro(0.02504747, 0.05275958, -0.1128469)mag(31.65937, -11.18906, 33.99375)
2051
b'$GPRMC,000003.300,V,,,,,0.00,0.00,060180,,,N*42\r\n'
1487
166

22055558
71
acc(-0.272939, 0.5554548, 9.91439)gyro(0.05915468, -0.02424809, 0.4227428)mag(34.5375, -7.21875, 29.83125)
2064
1474
230
