
S22237059
0
a(-2.25055, 2.264915, 9.514558)g(0.02398163, 0.05782237, -0.005995407)m(-5.576367, -27.61172, 30.35156)
2060
$GPRMC,000003.800,V,,,,,0.00,0.00,060180,,,N*49\r
1305
1834

S22441568
0
a(-2.252944, 2.288857, 9.533711)g(0.02318224, 0.06128638, -0.004796325)m(-3.597656, -27.79219, 30.525)
2074
1294
1899

S22645526
0
a(-2.252944, 2.245761, 9.512163)g(0.02864472, 0.06515008, -0.002797856)m(-4.856836, -28.69453, 31.73906)
2075

1306
1866

S22849532
0
a(-2.248155, 2.243367, 9.476251)g(0.02677948, 0.06155284, -0.007993875)m(-4.49707, -27.97266, 30.00469)
2073
1301
1744

S23054541
0
a(-2.269703, 2.303222, 9.562442)g(0.02384839, 0.0575559, -0.004529863)m(-3.777539, -28.69453, 29.65781)
2078
$GPRMC,000004.300,V,,,,,0.00,0.00,060180,,,N*45\r
1310
1857

S23258537
0
a(-2.23379, 2.303222, 9.552865)g(0.02997703, 0.05822206, -0.001998469)m(-5.936132, -27.61172, 30.35156)
2068
1311
1818

S23462510
0
a(-2.217031, 2.262521, 9.509769)g(0.02677948, 0.06235223, -0.002797856)m(-5.396484, -28.15312, 30.17812)
2073
$GPRMC,000004.800,V,,,,,0.00,0.00,060180,,,N*4E\r
1312
1874

S23667556
0
a(-2.267309, 2.319981, 9.52174)g(0.02091731, 0.05888822, -0.003597244)m(-4.317187, -28.15312, 30.87188)
2061
1318
1898

S23871572
0
a(-2.284068, 2.312799, 9.581595)g(0.02491424, 0.05995407, -0.001998469)m(-5.936132, -28.33359, 28.96406)
2078
$GPRMC,000005.300,V,,,,,0.00,0.00,060180,,,N*44\r
1315
1899

S24075566
0
a(-2.262521, 2.243367, 9.600749)g(0.02691271, 0.06022053, -0.002664625)m(-3.957421, -28.875, 29.83125)
2070
1316
1862

S24279551
0
a(-2.252944, 2.286463, 9.528923)g(0.02198316, 0.05808883, -0.006661563)m(-6.295898, -28.69453, 29.31094)
2062
$GPRMC,000005.800,V,,,,,0.00,0.00,060180,,,N*4F\r
1311
1885

S24484560
0
a(-2.252944, 2.293645, 9.531317)g(0.02371516, 0.05875498, -0.004529863)m(-2.158594, -28.51406, 29.83125)
2070
1323
1808

S24688557
0
a(-2.240973, 2.248155, 9.543288)g(0.02198316, 0.05582389, -0.002664625)m(-4.137304, -27.97266, 30.35156)
2057

1303
1883

S24892578
0
a(-2.226608, 2.296039, 9.545682)g(0.02451455, 0.05702298, -0.005595713)m(-4.856836, -29.05547, 31.73906)
2073
1310
1855

S25096574
0
a(-2.255338, 2.272097, 9.500193)g(0.02251608, 0.0532925, -0.001199081)m(-5.576367, -28.33359, 30.35156)
2067
$GPRMC,000006.300,V,,,,,0.00,0.00,060180,,,N*47\r
1307
1892

S25301535
0
a(-2.269703, 2.272097, 9.56723)g(0.02371516, 0.06035376, -0.0001332313)m(-4.676953, -28.51406, 29.48438)
2069
1319
1825

S25505545
0
a(-2.284068, 2.303222, 9.536105)g(0.02331547, 0.05875498, -0.001465544)m(-4.137304, -27.61172, 30.35156)
2067
$GPRMC,000006.800,V,,,,,0.00,0.00,060180,,,N*4C\r
1321
1883

S25710536
0
a(-2.231396, 2.291251, 9.528923)g(0.02598009, 0.06101991, -0.003330781)m(-5.036718, -29.23594, 30.525)
2064
1313
1893

S25914541
0
a(-2.264915, 2.272097, 9.562442)g(0.02531394, 0.05822206, -0.003330781)m(-4.856836, -29.05547, 29.65781)
2073
$GPRMC,000007.300,V,,,,,0.00,0.00,060180,,,N*46\r
1302
1894

S26119553
0
a(-2.269703, 2.284068, 9.564836)g(0.02464778, 0.06062022, -0.004663094)m(-4.137304, -29.05547, 30.69844)
2066
1315
1898

S26324525
0
a(-2.267309, 2.267309, 9.531317)g(0.02624656, 0.06075345, -0.006395101)m(-3.957421, -28.15312, 30.87188)
2067
$GPRMC,000007.800,V,,,,,0.00,0.00,060180,,,N*4D\r
1328
1892

S26528536
0
a(-2.248155, 2.281674, 9.600749)g(0.02584686, 0.06235223, -0.004929556)m(-5.576367, -28.33359, 28.27031)
2062
1310
1887

S26733543
0
a(-2.252944, 2.257732, 9.593566)g(0.02278254, 0.05595713, -0.004663094)m(-3.777539, -27.97266, 31.39219)
2065
$GPRMC,000008.300,V,,,,,0.00,0.00,060180,,,N*49\r
1324
1899

S26937544
0
a(-2.238579, 2.27928, 9.466674)g(0.02158346, 0.06488362, -0.009459419)m(-3.957421, -27.07031, 31.9125)
2064
1326
1877

S27141507
0
a(-2.23379, 2.264915, 9.564836)g(0.02664625, 0.05742267, -0.002931087)m(-4.137304, -29.41641, 29.31094)
2071

1326
1882

S27345514
0
a(-2.243367, 2.30801, 9.569624)g(0.02304901, 0.05928791, -0.00532925)m(-2.878125, -27.79219, 30.525)
2064
1329
1888

S27549510
0
a(-2.231396, 2.269703, 9.564836)g(0.02584686, 0.06075345, -0.003597244)m(-5.216601, -28.69453, 29.65781)
2065
$GPRMC,000008.800,V,,,,,0.00,0.00,060180,,,N*42\r
1331
1885

S27753510
0
a(-2.229002, 2.272097, 9.56723)g(0.01865238, 0.05942113, -0.003464013)m(-4.676953, -27.07031, 29.83125)
2070
1328
1898

S27958575
0
a(-2.27928, 2.281674, 9.490616)g(0.02331547, 0.05888822, -0.003464013)m(-4.676953, -28.15312, 30.17812)
2074
$GPRMC,000009.300,V,,,,,0.00,0.00,060180,,,N*48\r
1323
1808

S28163519
0
a(-2.23379, 2.288857, 9.622296)g(0.02677948, 0.05782237, -0.002931087)m(-5.216601, -28.69453, 30.69844)
2064
1325
1882

S28367544
0
a(-2.217031, 2.300828, 9.564836)g(0.01758653, 0.06128638, -0.003996938)m(-2.338476, -28.69453, 31.04531)
2067
$GPRMC,000009.800,V,,,,,0.00,0.00,060180,,,N*43\r
1323
1857

S28572510
0
a(-2.260126, 2.298434, 9.516952)g(0.02544717, 0.05768914, -0.005196019)m(-4.49707, -27.25078, 30.35156)
2067
1332
1856

S28776551
0
a(-2.217031, 2.274492, 9.545682)g(0.02611332, 0.05942113, -0.005595713)m(-4.137304, -27.61172, 31.39219)
2073
$GPRMC,000010.300,V,,,,,0.00,0.00,060180,,,N*40\r
1328
1850

S28981534
0
a(-2.276886, 2.272097, 9.502586)g(0.02651302, 0.05675651, -0.01039204)m(-4.676953, -29.59687, 30.87188)
2080
1323
1891

S29186544
0
a(-2.25055, 2.286463, 9.502586)g(0.02411486, 0.05728944, -0.003730475)m(-4.137304, -28.69453, 30.00469)
2071

1327
1799

S29390527
0
a(-2.27928, 2.298434, 9.555259)g(0.03210873, 0.05782237, -0.00319755)m(-5.396484, -29.23594, 31.56562)
2073
1319
1891

S29594542
0
a(-2.240973, 2.272097, 9.514558)g(0.02291577, 0.05529098, -0.008127107)m(-5.216601, -28.69453, 30.35156)
2071
$GPRMC,000010.800,V,,,,,0.00,0.00,060180,,,N*4B\r
1316
1888

S29799543
0
a(-2.293645, 2.252944, 9.595961)g(0.02331547, 0.06088669, -0.005196019)m(-4.317187, -26.34844, 30.525)
2074
1328
1834

S30003526
0
a(-2.264915, 2.272097, 9.564836)g(0.02238285, 0.06141961, -0.003330781)m(-4.49707, -28.69453, 31.04531)
2067
$GPRMC,000011.300,V,,,,,0.00,0.00,060180,,,N*41\r
1327
1842

S30207528
0
a(-2.245761, 2.252944, 9.543288)g(0.02398163, 0.05848852, -0.006528332)m(-3.058008, -27.97266, 29.65781)
2068
1335
1894

S30411512
0
a(-2.264915, 2.260126, 9.564836)g(0.02424809, 0.06195253, -0.00106585)m(-4.49707, -27.97266, 31.04531)
2064
$GPRMC,000011.800,V,,,,,0.00,0.00,060180,,,N*4A\r
1328
1892

S30616552
0
a(-2.274492, 2.288857, 9.574412)g(0.02464778, 0.05675651, -0.01079173)m(-1.978711, -29.05547, 31.39219)
2071
1328
1885

S30820549
0
a(-2.25055, 2.267309, 9.600749)g(0.02584686, 0.05622359, -0.005462481)m(-4.49707, -28.33359, 30.69844)
2073
$GPRMC,000012.300,V,,,,,0.00,0.00,060180,,,N*42\r
1317
1840

S31025526
0
a(-2.252944, 2.240973, 9.533711)g(0.02491424, 0.06048699, -0.005728944)m(-2.878125, -27.79219, 30.87188)
2069
1328
1857

S31229526
0
a(-2.300828, 2.274492, 9.514558)g(0.02598009, 0.05515773, -0.003730475)m(-3.597656, -28.875, 30.525)
2073
$GPRMC,000012.800,V,,,,,0.00,0.00,060180,,,N*49\r
1323
1841

S31434538
0
a(-2.272097, 2.284068, 9.504981)g(0.02105054, 0.0579556, 0.001199081)m(-4.137304, -28.69453, 30.00469)
2065
1331
1895

S31638558
0
a(-2.264915, 2.281674, 9.545682)g(0.02384839, 0.05888822, -0.004929556)m(-6.475781, -28.15312, 28.79062)
2064

1329
1895

S31842567
0
a(-2.272097, 2.267309, 9.540894)g(0.02451455, 0.05888822, -0.007061257)m(-3.597656, -28.875, 30.525)
2074
1329
1861

S32046558
0
a(-2.267309, 2.291251, 9.555259)g(0.02611332, 0.05768914, -0.004796325)m(-3.777539, -28.33359, 30.69844)
2065
$GPRMC,000013.300,V,,,,,0.00,0.00,060180,,,N*43\r
1323
1855

S32251552
0
a(-2.217031, 2.221819, 9.576807)g(0.02624656, 0.05928791, -0.001332313)m(-4.676953, -28.15312, 30.87188)
2074
1327
1863

S32455528
0
a(-2.269703, 2.293645, 9.531317)g(0.02278254, 0.06195253, -0.006661563)m(-5.216601, -28.69453, 30.35156)
2067
$GPRMC,000013.800,V,,,,,0.00,0.00,060180,,,N*48\r
1331
1839

S32659539
0
a(-2.252944, 2.260126, 9.5385)g(0.02651302, 0.05569067, -0.006528332)m(-3.777539, -27.61172, 30.69844)
2069
1326
1889

S32863550
0
a(-2.257732, 2.264915, 9.512163)g(0.02664625, 0.05688975, 0.0003996938)m(-2.518359, -28.875, 29.83125)
2073
$GPRMC,000014.299,V,,,,,0.00,0.00,060180,,,N*45\r
1325
1821

S33068592
0
a(-2.260126, 2.303222, 9.548077)g(0.02438132, 0.06048699, -0.0042634)m(-3.777539, -28.33359, 30.00469)
2064
1306
1895

S33272520
0
a(-2.236184, 2.286463, 9.545682)g(0.02717917, 0.05649005, -0.004796325)m(-3.957421, -28.51406, 30.87188)
2064
$GPRMC,000014.799,V,,,,,0.00,0.00,060180,,,N*40\r
1321
1808

S33477549
0
a(-2.27928, 2.248155, 9.502586)g(0.02744564, 0.05915468, -0.00106585)m(-4.49707, -29.41641, 30.00469)
2061
1315
1825

S33682543
0
a(-2.264915, 2.300828, 9.52174)g(0.02704594, 0.05768914, -0.001332313)m(-3.957421, -28.51406, 29.83125)
2067

1327
1778

S33886559
0
a(-2.25055, 2.248155, 9.533711)g(0.02504747, 0.0596876, -0.004663094)m(-5.216601, -27.61172, 31.04531)
2067
1321
1865

S34090559
0
a(-2.288857, 2.274492, 9.543288)g(0.02664625, 0.05888822, -0.002264931)m(-3.777539, -28.69453, 29.65781)
2069
$GPRMC,000015.299,V,,,,,0.00,0.00,060180,,,N*44\r
1324
1819

S34295518
0
a(-2.267309, 2.236184, 9.581595)g(0.02544717, 0.05902144, -0.005728944)m(-5.396484, -29.23594, 29.48438)
2069
1323
1806

S34500544
0
a(-2.255338, 2.272097, 9.528923)g(0.02464778, 0.06035376, 0.0001332313)m(-3.23789, -28.15312, 30.87188)
2064
$GPRMC,000015.799,V,,,,,0.00,0.00,060180,,,N*41\r
1329
1824

S34705519
0
a(-2.264915, 2.291251, 9.531317)g(0.02691271, 0.06035376, -0.005462481)m(-5.396484, -28.51406, 29.83125)
2064
1327
1827

S34909518
0
a(-2.236184, 2.293645, 9.564836)g(0.02158346, 0.05742267, -0.002531394)m(-5.576367, -27.61172, 30.00469)
2075
$GPRMC,000016.299,V,,,,,0.00,0.00,060180,,,N*47\r
1331
1891

S35114525
0
a(-2.286463, 2.30801, 9.504981)g(0.03104288, 0.05902144, -0.001865237)m(-5.576367, -27.97266, 30.00469)
2070
1322
1856

S35318532
0
a(-2.27928, 2.229002, 9.504981)g(0.02704594, 0.06248546, -0.003464013)m(-4.317187, -28.15312, 30.525)
2070
$GPRMC,000016.799,V,,,,,0.00,0.00,060180,,,N*42\r
1315
1892

S35523541
0
a(-2.264915, 2.267309, 9.598354)g(0.02931087, 0.05555744, -0.0042634)m(-5.216601, -28.33359, 31.73906)
2064
1315
1827

S35727543
0
a(-2.25055, 2.315193, 9.524135)g(0.02637979, 0.05808883, -0.003064319)m(-3.957421, -29.59687, 30.17812)
2077
$GPRMC,000017.299,V,,,,,0.00,0.00,060180,,,N*46\r
1329
1773

S35932528
0
a(-2.257732, 2.288857, 9.572019)g(0.02584686, 0.06022053, -0.004663094)m(-2.878125, -27.79219, 29.83125)
2063
1319
1808

S36137542
0
a(-2.255338, 2.272097, 9.576807)g(0.0234487, 0.06408423, -0.001598775)m(-4.137304, -29.77734, 29.65781)
2037

1330
1887

S36341574
0
a(-2.229002, 2.267309, 9.49301)g(0.02637979, 0.06248546, -0.001465544)m(-4.49707, -28.69453, 31.73906)
2062
1309
1878

S36546528
0
a(-2.231396, 2.30801, 9.55047)g(0.02318224, 0.05222665, -0.002931087)m(-3.957421, -27.79219, 30.525)
2064
$GPRMC,000017.799,V,,,,,0.00,0.00,060180,,,N*43\r
1326
1894

S36751527
0
a(-2.284068, 2.264915, 9.586384)g(0.02091731, 0.0596876, -0.005595713)m(-5.036718, -29.23594, 29.48438)
2062
1315
1822

S36955522
0
a(-2.248155, 2.262521, 9.560047)g(0.01811945, 0.06168607, 0.0006661563)m(-4.137304, -28.33359, 30.00469)
2065
$GPRMC,000018.299,V,,,,,0.00,0.00,060180,,,N*49\r
1328
1898

S37160569
0
a(-2.274492, 2.240973, 9.555259)g(0.0255804, 0.05862175, -0.001865237)m(-5.396484, -28.15312, 30.17812)
2074
1328
1813

S37364568
0
a(-2.212242, 2.284068, 9.557653)g(0.02438132, 0.05688975, -0.001865237)m(-5.216601, -28.33359, 30.00469)
2073
$GPRMC,000018.799,V,,,,,0.00,0.00,060180,,,N*4C\r
1335
1894

S37569513
0
a(-2.262521, 2.267309, 9.519346)g(0.02478101, 0.0579556, -0.006395101)m(-3.777539, -28.69453, 30.69844)
2067
1333
1885

S37773517
0
a(-2.23379, 2.293645, 9.548077)g(0.0255804, 0.05875498, -0.003597244)m(-3.957421, -27.79219, 30.17812)
2071
$GPRMC,000019.299,V,,,,,0.00,0.00,060180,,,N*48\r
1328
1856

S37978569
0
a(-2.257732, 2.303222, 9.55047)g(0.02411486, 0.05609035, -0.002931087)m(-3.597656, -28.15312, 29.83125)
2064
1334
1840

S38182560
0
a(-2.284068, 2.255338, 9.526528)g(0.02491424, 0.05942113, -0.002398162)m(-4.137304, -27.61172, 30.69844)
2064

1329
1901

S38386567
0
a(-2.245761, 2.32477, 9.586384)g(0.02318224, 0.0579556, -0.003597244)m(-3.597656, -27.79219, 30.525)
2064
1328
1863

S38590525
0
a(-2.23379, 2.358289, 9.543288)g(0.02038438, 0.05555744, -0.005728944)m(-4.49707, -28.33359, 30.35156)
2063
$GPRMC,000019.799,V,,,,,0.00,0.00,060180,,,N*4D\r
1328
1849

S38795555
0
a(-2.255338, 2.243367, 9.583989)g(0.02145023, 0.05569067, -0.007860644)m(-3.597656, -28.875, 31.56562)
2078
1334
1833

S38999510
0
a(-2.281674, 2.276886, 9.603143)g(0.02717917, 0.06301838, -0.002797856)m(-4.317187, -28.15312, 30.525)
2071
$GPRMC,000020.299,V,,,,,0.00,0.00,060180,,,N*42\r
1339
1836

S39203512
0
a(-2.252944, 2.334347, 9.488221)g(0.02504747, 0.06155284, -0.003996938)m(-4.676953, -28.51406, 29.48438)
2064
1329
1809

S39408566
0
a(-2.257732, 2.284068, 9.524135)g(0.0234487, 0.06355131, -0.00319755)m(-3.058008, -27.97266, 29.65781)
2063
$GPRMC,000020.799,V,,,,,0.00,0.00,060180,,,N*47\r
1341
1824

S39613501
0
a(-2.276886, 2.257732, 9.56723)g(0.02504747, 0.06062022, 0.00106585)m(-3.597656, -28.51406, 31.9125)
2066
1339
1888

S39817517
0
a(-2.257732, 2.315193, 9.514558)g(0.01758653, 0.05848852, -0.001598775)m(-3.957421, -28.875, 30.525)
2055
$GPRMC,000021.299,V,,,,,0.00,0.00,060180,,,N*43\r
1328
1826

S40022561
0
a(-2.267309, 2.303222, 9.536105)g(0.0234487, 0.05995407, -0.007061257)m(-4.856836, -29.41641, 30.35156)
2064
1339
1808

S40226559
0
a(-2.248155, 2.236184, 9.545682)g(0.02997703, 0.06168607, -0.005862175)m(-4.49707, -26.88984, 30.35156)
2071
$GPRMC,000021.799,V,,,,,0.00,0.00,060180,,,N*46\r
1324
1882

S40430570
0
a(-2.236184, 2.303222, 9.533711)g(0.02531394, 0.05995407, -0.002664625)m(-4.317187, -28.15312, 30.525)
2071
1339
1827

S40634543
0
a(-2.238579, 2.303222, 9.526528)g(0.02171669, 0.05995407, -0.005062788)m(-4.137304, -30.13828, 29.31094)
2075

1329
1846

S40838566
0
a(-2.293645, 2.286463, 9.5385)g(0.03077642, 0.06448393, -0.004796325)m(-4.856836, -29.05547, 30.69844)
2070
1331
1844

S41042560
0
a(-2.267309, 2.264915, 9.588778)g(0.02424809, 0.05462481, 0.001199081)m(-6.116015, -28.875, 30.87188)
2063
$GPRMC,000022.299,V,,,,,0.00,0.00,060180,,,N*40\r
1333
1790

S41247517
0
a(-2.276886, 2.284068, 9.536105)g(0.02598009, 0.05835528, -0.002664625)m(-4.49707, -26.88984, 29.31094)
2059
1340
1872

S41451509
0
a(-2.217031, 2.274492, 9.557653)g(0.02371516, 0.06062022, -0.005862175)m(-3.597656, -29.59687, 31.56562)
2067
$GPRMC,000022.799,V,,,,,0.00,0.00,060180,,,N*45\r
1330
1808

S41656560
0
a(-2.240973, 2.248155, 9.500193)g(0.02624656, 0.05942113, -0.003597244)m(-3.597656, -28.875, 31.21875)
2078
1346
1891

S41860561
0
a(-2.260126, 2.293645, 9.576807)g(0.02744564, 0.05808883, -0.004130169)m(-4.856836, -27.61172, 31.39219)
2070
$GPRMC,000023.299,V,,,,,0.00,0.00,060180,,,N*41\r
1335
1856

S42064573
0
a(-2.255338, 2.281674, 9.516952)g(0.02464778, 0.06581624, -0.003597244)m(-4.49707, -29.41641, 30.69844)
2069
1344
1883

S42269517
0
a(-2.3535, 2.207454, 9.667787)g(0.02851149, 0.03956968, -0.002664625)m(-5.036718, -28.15312, 30.17812)
2067
$GPRMC,000023.799,V,,,,,0.00,0.00,060180,,,N*44\r
1333
1824

S42473543
0
a(-2.315193, 2.413355, 9.497798)g(0.02078407, 0.06848086, -0.002531394)m(-3.597656, -28.15312, 31.21875)
2071
1350
1834
