
124942286
97
acc(0.1771709, 1.642422, 6.995857)gyro(0.0009326187, -0.1910536, -0.4965529)mag(20.50664, 1.804687, 38.50312)
2034
b'$GPRMC,144019.500,A,4821.6988,N,00433.9762,W,2.36,14.53,100920,,,A*40\r\n'
1354
205

125146523
64
acc(0.4955997, 0.9074024, 10.58955)gyro(0.3108285, 0.2536723, 0.1460215)mag(21.9457, 3.248437, 38.85)
2029
1355
186

125351546
92
acc(-1.403002, 2.217031, 9.888053)gyro(-0.05342574, 0.2708591, 0.3182895)mag(21.22617, 2.526562, 40.93125)
2042
b'$GPRMC,144020.000,A,4821.6990,N,00433.9765,W,2.15,5.12,100920,,,A*75\r\n'
1351
206

125556542
53
acc(0.1221043, -0.07661445, 6.756437)gyro(-0.3225529, 0.03863706, 0.2103722)mag(20.14687, 1.082812, 39.54375)
2037
1344
211

125760558
110
acc(-1.455675, -0.4884171, 11.05882)gyro(0.1857244, 0.5475805, -0.5827535)mag(20.50664, 0.0, 40.93125)
2018
None
1350
214

125964558
79
acc(-2.334347, 0.6895301, 8.858546)gyro(0.3855712, 0.2895115, -0.7822007)mag(21.04629, 3.789844, 39.37031)
2032
1360
189

126168502
101
acc(-0.1460463, 2.987964, 8.884883)gyro(0.1485528, -0.9179634, 0.07567535)mag(21.04629, 7.038281, 36.94218)
2029
b'$GPRMC,144020.500,A,4821.6993,N,00433.9765,W,2.42,3.08,100920,,,A*7C\r\n'
1364
208

126372524
118
acc(-1.091756, 3.428497, 11.97819)gyro(0.2244947, 0.1354962, 0.7912604)mag(20.68652, 3.428906, 37.98281)
2043
1358
213

126576518
89
acc(-0.2777274, -0.05027823, 5.832275)gyro(-0.7182497, -0.1320322, 0.4007596)mag(17.08887, 4.150781, 37.98281)
2038
b'$GPRMC,144021.000,A,4821.6997,N,00433.9764,W,2.79,7.52,100920,,,A*7E\r\n'
1346
188

126780507
70
acc(-0.533907, -1.403002, 10.49139)gyro(0.5567734, 0.003064319, -0.2334211)mag(20.32676, 0.5414062, 41.45156)
2038
1349
209

126984515
81
acc(-3.442862, 1.017536, 11.35091)gyro(-0.559971, 0.527729, -0.5828867)mag(18.88769, 1.263281, 38.32969)
2037
b'$GPRMC,144021.500,A,4821.7001,N,00433.9764,W,2.95,9.31,100920,,,A*75\r\n'
1355
198

127189543
90
acc(2.13084, 2.173935, 8.018182)gyro(0.4214105, -0.4464579, -0.30883)mag(22.66523, 3.248437, 41.97187)
2038
1340
208

127394515
74
acc(1.398214, 0.5746084, 11.50174)gyro(0.2688607, 0.2386172, 0.664824)mag(21.58594, -1.804687, 41.625)
2043
b'$GPRMC,144022.000,A,4821.7005,N,00433.9768,W,3.70,20.03,100920,,,A*4B\r\n'
1345
197

127599595
91
acc(1.01993, 1.460463, 7.462727)gyro(-0.1084502, 0.3186892, 0.3457351)mag(20.50664, -3.609375, 41.97187)
2028
1346
207

127804554
80
acc(0.6631939, -0.9911995, 9.56723)gyro(0.019585, 0.150951, -0.004130169)mag(22.30547, -2.8875, 44.05313)
2034
b'$GPRMC,144022.500,A,4821.7008,N,00433.9768,W,3.23,12.28,100920,,,A*4D\r\n'
1353
215

128008542
98
acc(-1.362301, -0.557849, 11.09234)gyro(-0.3573262, 1.063185, -0.8433538)mag(21.9457, -1.082812, 44.4)
2029
1341
187

128212527
81
acc(1.034295, 0.4620809, 6.414066)gyro(0.6087336, -0.5206677, -0.5466478)mag(24.64394, 4.872656, 41.79843)
2036
None
1344
304

128416516
106
acc(-1.711854, 2.643199, 13.18726)gyro(0.229291, -0.01505513, 0.1015222)mag(23.92441, 5.594531, 43.18594)
2035
1335
205

128620516
107
acc(-0.4213795, 5.114015, 10.9008)gyro(0.7578194, 0.4548515, 0.3609235)mag(23.025, 7.21875, 44.4)
2032
b'$GPRMC,144023.000,A,4821.7010,N,00433.9768,W,2.50,2.90,100920,,,A*77\r\n'
1339
209

128825568
89
acc(0.2466028, 0.7206547, 9.619903)gyro(-0.7414319, 0.3578591, 0.5258637)mag(24.46406, 9.384375, 45.44062)
2036
1342
205

129029558
65
acc(-1.788469, 0.5506664, 10.10832)gyro(0.7496922, 0.195317, 0.218366)mag(30.22031, 9.745312, 49.95)
2038
b'$GPRMC,144023.500,A,4821.7013,N,00433.9768,W,2.39,3.70,100920,,,A*71\r\n'
1341
208

129233527
99
acc(0.1771709, 1.584962, 8.602366)gyro(-0.7864641, -0.03797091, -0.2122374)mag(30.58008, 5.775, 46.48125)
2035
1345
211

129438556
97
acc(-1.261744, -0.6105214, 9.890448)gyro(-0.07620828, -0.2211639, 0.1112481)mag(30.58008, 2.165625, 43.70625)
2043
b'$GPRMC,144024.000,A,4821.7016,N,00433.9767,W,2.69,341.33,100920,,,A*7E\r\n'
1333
209

129643524
92
acc(-1.788469, 1.252167, 10.49618)gyro(0.5172037, 0.56983, 0.8016524)mag(28.42148, 1.44375, 45.09375)
2028
1328
183

129848544
53
acc(0.2442086, -0.6799533, 6.835446)gyro(-0.122706, -0.01638744, 0.3048331)mag(24.28418, 3.428906, 41.10469)
2039
b'$GPRMC,144024.500,A,4821.7019,N,00433.9769,W,2.63,332.26,100920,,,A*70\r\n'
1335
186

130052521
49
acc(-0.05985504, 0.581791, 12.51928)gyro(0.2018454, -0.5096095, 0.06328485)mag(20.86641, 1.804687, 41.27812)
2034
1339
208

130256550
111
acc(-3.29921, 1.039083, 10.70687)gyro(0.2099725, 0.3590582, -0.4171471)mag(20.68652, 1.624219, 40.06406)
2035
None
1334
179

130460559
67
acc(-0.4620809, 1.790863, 8.013393)gyro(-0.01252374, -0.4981517, 0.07540888)mag(20.68652, 3.067969, 40.06406)
2032
1333
210

130665508
52
acc(-1.357512, 3.203442, 13.20163)gyro(0.1494855, 0.2050429, 0.2964396)mag(20.86641, -0.721875, 42.66562)
2037
b'$GPRMC,144025.000,A,4821.7022,N,00433.9771,W,3.53,337.65,100920,,,A*75\r\n'
1325
194

130870566
112
acc(-0.01436521, 0.4237737, 7.053318)gyro(-0.5668989, -0.4088867, 0.3547948)mag(17.62852, -0.3609375, 40.93125)
2043
1339
181

131075516
97
acc(0.5961562, -0.01197101, 10.72842)gyro(0.3707826, 0.3436034, 0.357193)mag(19.60723, -3.067969, 41.10469)
2032
b'$GPRMC,144025.500,A,4821.7026,N,00433.9774,W,2.96,326.89,100920,,,A*7B\r\n'
1330
208

131279493
77
acc(-2.255338, -1.055843, 10.25437)gyro(0.0490291, 1.313927, -0.8476172)mag(20.86641, -5.775, 42.31875)
2030
1328
210

131484524
89
acc(0.8499416, 1.359907, 7.484274)gyro(0.266729, -0.3706493, -0.1513507)mag(20.32676, 1.624219, 40.75781)
2036
b'$GPRMC,144026.000,A,4821.7030,N,00433.9777,W,3.23,344.98,100920,,,A*72\r\n'
1326
208

131688524
80
acc(-0.3926491, 1.343147, 13.06276)gyro(0.1204411, 0.2370184, 0.1686708)mag(19.60723, -1.263281, 40.75781)
2035
1325
211

131893554
107
acc(-2.815581, 3.3447, 10.67575)gyro(0.04156815, 0.3575927, 0.5964763)mag(16.54922, -1.082812, 38.15625)
2029
b'$GPRMC,144026.500,A,4821.7034,N,00433.9778,W,2.91,331.25,100920,,,A*70\r\n'
1328
174

132097539
90
acc(-0.3495534, 0.533907, 9.174581)gyro(-0.6825437, -0.2274258, 0.1859908)mag(16.90898, -0.721875, 41.27812)
2038
1335
213

132302498
77
acc(-2.999935, 2.200271, 13.43147)gyro(0.3866371, 0.3293477, -0.00319755)mag(16.00957, -4.872656, 40.06406)
2029
b'$GPRMC,144027.000,A,4821.7037,N,00433.9780,W,2.41,332.58,100920,,,A*74\r\n'
1315
194

132506540
87
acc(0.1891419, 1.58975, 6.655881)gyro(-0.1806616, -0.5479801, -0.3823737)mag(16.00957, -0.1804687, 39.71719)
2039
1319
209

132711533
74
acc(-0.5291186, 1.582567, 11.16895)gyro(0.3695835, -0.112314, 0.2002466)mag(13.67109, -1.44375, 36.76875)
2039
None
1325
208

132915532
71
acc(1.575385, 3.289633, 9.481039)gyro(0.3044334, 0.2043767, 0.5728944)mag(14.21074, -5.233593, 36.94218)
2037
1319
191

133120541
80
acc(-0.3567361, 1.812411, 7.457938)gyro(-1.035607, -0.4235422, 0.32202)mag(9.533789, -5.594531, 35.55468)
2033
b'$GPRMC,144027.500,A,4821.7040,N,00433.9782,W,2.52,345.22,100920,,,A*7C\r\n'
1325
215

133324541
80
acc(-0.320823, 1.300052, 12.01889)gyro(0.1542818, 0.1939847, -0.3947642)mag(13.67109, -9.023437, 39.54375)
2043
1327
192

133529534
84
acc(-3.1795, -0.4716577, 9.437943)gyro(0.7063921, 0.07167841, -1.191087)mag(17.08887, -3.428906, 39.71719)
2042
b'$GPRMC,144028.000,A,4821.7043,N,00433.9785,W,2.57,350.47,100920,,,A*70\r\n'
1310
183

133733525
106
acc(0.7015011, 2.408567, 9.121908)gyro(0.3694502, 0.005196019, -0.691337)mag(16.00957, -1.263281, 39.71719)
2039
1324
205

133937534
83
acc(0.5793968, 2.892196, 9.382876)gyro(-0.04649771, 0.5357228, -0.2239617)mag(16.18945, 0.721875, 37.80937)
2032
b'$GPRMC,144028.500,A,4821.7046,N,00433.9787,W,2.69,350.90,100920,,,A*75\r\n'
1318
205

134141558
94
acc(-1.187524, 4.177882, 9.248801)gyro(-0.3153584, 0.2957734, 0.5124074)mag(15.46992, 2.526562, 36.42187)
2032
1318
171

134345530
92
acc(0.3950433, 1.266533, 9.55047)gyro(-0.09046402, 0.01092496, 0.897579)mag(14.93027, 0.1804687, 39.02344)
2027
b'$GPRMC,144029.000,A,4821.7049,N,00433.9788,W,2.41,345.22,100920,,,A*76\r\n'
1311
213

134549526
67
acc(-1.553837, 2.102109, 12.36605)gyro(0.1802619, 0.1493522, 0.2917764)mag(15.82969, -2.8875, 39.89062)
2038
1313
203

134754543
85
acc(-0.07900865, 1.522712, 7.007828)gyro(-0.07847321, -0.6882727, -0.7444963)mag(16.90898, 1.44375, 38.85)
2033
None
1315
193

134958552
99
acc(-0.2657564, 2.571373, 11.65258)gyro(0.179729, 0.211438, 0.2042435)mag(15.6498, -0.1804687, 38.67656)
2030
1307
252

135163517
66
acc(0.7733272, 3.797204, 9.078813)gyro(-0.331879, 1.118077, -0.0575559)mag(15.46992, 0.3609375, 37.80937)
2036
b'$GPRMC,144029.500,A,4821.7052,N,00433.9790,W,2.75,338.88,100920,,,A*7D\r\n'
1310
221

135367505
110
acc(1.024718, 0.3687071, 7.49864)gyro(-0.4380644, -0.001732006, -0.08393568)mag(13.31133, -0.721875, 37.11562)
2031
1323
218

135571509
64
acc(-1.656788, 1.45328, 12.03326)gyro(0.006661563, -0.09539357, -0.5543752)mag(18.70781, -0.3609375, 38.50312)
2034
b'$GPRMC,144030.000,A,4821.7055,N,00433.9792,W,2.37,343.19,100920,,,A*77\r\n'
1312
272

135775516
80
acc(-2.516306, 3.792415, 10.6542)gyro(1.281152, -0.5173369, -0.8657368)mag(20.68652, 1.624219, 40.06406)
2045
1307
192

135979519
111
acc(0.4932055, 2.161964, 8.911219)gyro(0.3200215, -0.3234855, -0.2981715)mag(21.40605, 7.399218, 36.94218)
2037
b'$GPRMC,144030.500,A,4821.7059,N,00433.9793,W,2.69,346.90,100920,,,A*70\r\n'
1303
176

136183557
117
acc(-2.971204, 5.770026, 11.57596)gyro(0.3637213, -0.1736003, 0.09912406)mag(22.12559, 7.038281, 37.28906)
2032
1312
206

136388502
107
acc(0.1795651, 0.4165911, 6.974309)gyro(-0.8389572, 0.197049, -0.1410919)mag(19.60723, 8.482031, 34.86094)
2038
b'$GPRMC,144031.000,A,4821.7063,N,00433.9793,W,2.70,349.47,100920,,,A*70\r\n'
1321
240

136592508
89
acc(-0.5051765, 2.403779, 11.37485)gyro(-0.3213538, -0.2194319, -0.00106585)mag(23.56465, 6.316406, 40.06406)
2035
1314
224

136797565
85
acc(-0.9217676, -0.8978256, 9.035717)gyro(-0.3344104, -0.08060491, -0.7503584)mag(23.56465, 5.955468, 39.02344)
2041
b'$GPRMC,144031.500,A,4821.7067,N,00433.9794,W,2.63,355.29,100920,,,A*71\r\n'
1323
190

137001556
98
acc(1.051055, 0.9289502, 5.312734)gyro(0.4529863, 0.1414916, -0.4832297)mag(28.60137, 5.594531, 41.79843)
2043
1324
224

137206508
98
acc(-0.8164227, 4.350265, 13.40274)gyro(0.7752726, -0.1009893, 0.09539357)mag(26.62266, 6.857812, 39.89062)
2035
None
1318
221

137410537
91
acc(-0.5793968, 4.659117, 9.033323)gyro(-0.2199648, 1.224662, 0.6337811)mag(21.04629, 1.263281, 38.32969)
2032
1307
181

137615531
59
acc(-1.505953, 2.06859, 9.476251)gyro(-0.5297275, -0.7046601, 0.7957903)mag(21.76582, 5.594531, 39.37031)
2039
b'$GPRMC,144032.000,A,4821.7070,N,00433.9795,W,2.21,9.83,100920,,,A*7C\r\n'
1319
233

137820540
123
acc(-0.9888053, 3.191471, 11.68849)gyro(0.6802788, 0.7065253, -0.01292343)mag(23.20488, 1.263281, 43.53281)
2035
1313
259

138024509
89
acc(-2.013524, 3.473987, 10.70926)gyro(-0.3150919, -0.000532925, -0.3077642)mag(23.025, 5.414062, 39.89062)
2032
b'$GPRMC,144032.500,A,4821.7072,N,00433.9797,W,1.69,356.11,100920,,,A*74\r\n'
1310
0

138228508
91
acc(0.2178724, 0.6751649, 9.746795)gyro(-0.1384273, -0.536922, 0.1585452)mag(23.38476, 4.692187, 40.58437)
2034
1308
144

138433561
113
acc(-0.3974375, 4.848258, 12.20564)gyro(-0.0532925, 0.2268928, 0.2259602)mag(23.20488, 2.346094, 39.71719)
2039
b'$GPRMC,144033.000,A,4821.7075,N,00433.9798,W,2.09,340.91,100920,,,A*72\r\n'
1307
192

138637557
87
acc(0.002394202, -0.3375824, 7.90326)gyro(-0.3440031, 0.07114549, 0.2538055)mag(23.92441, 4.150781, 40.75781)
2032
1308
208

138842517
83
acc(-2.573767, 0.3184288, 10.56322)gyro(-0.5736938, -0.6865406, 0.1280352)mag(23.92441, 4.872656, 39.71719)
2047
b'$GPRMC,144033.500,A,4821.7079,N,00433.9799,W,2.82,348.04,100920,,,A*7D\r\n'
1318
208

139046508
85
acc(-1.891419, -3.174711, 8.705317)gyro(-0.7567535, 0.8163079, -0.7157183)mag(28.06172, 2.8875, 41.97187)
2033
1312
190

139251565
100
acc(-0.5961562, -0.2442086, 7.764396)gyro(0.7017291, 0.02997703, 0.1950505)mag(31.11973, 5.955468, 41.79843)
2037
None
1314
215

139455531
98
acc(-1.886631, 0.3232172, 10.49618)gyro(-0.02677948, -0.3150919, 0.3869036)mag(28.06172, 4.692187, 41.27812)
2041
1307
190

139659508
81
acc(-0.1149217, 1.256956, 10.6111)gyro(0.481631, 0.8929158, 0.3747795)mag(21.22617, -0.721875, 40.2375)
2043
b'$GPRMC,144034.000,A,4821.7082,N,00433.9801,W,2.35,335.31,100920,,,A*75\r\n'
1311
115

139863518
87
acc(0.09337386, -0.9552865, 6.967127)gyro(0.0383706, -0.01398928, 0.2334211)mag(18.70781, -1.804687, 39.89062)
2042
1311
192

140068572
105
acc(-1.189918, 0.5075707, 11.86806)gyro(-0.2871134, 0.1648071, -0.2660628)mag(20.68652, -2.707031, 41.45156)
2043
b'$GPRMC,144034.500,A,4821.7086,N,00433.9802,W,2.08,342.88,100920,,,A*7B\r\n'
1296
531

140272557
126
acc(-3.009511, -2.243367, 11.2719)gyro(0.1802619, 0.5309265, -1.314593)mag(22.84512, 1.985156, 41.10469)
2038
1309
282

140476544
112
acc(-2.461239, 1.376666, 8.221688)gyro(0.5513109, -0.8310966, -1.075043)mag(24.1043, 6.135937, 38.85)
2035
b'$GPRMC,144035.000,A,4821.7089,N,00433.9800,W,1.90,0.93,100920,,,A*7F\r\n'
1296
245

140680558
123
acc(0.2106898, 0.7589619, 8.576031)gyro(0.04796326, 0.09073049, -0.9791164)mag(27.88183, 3.428906, 42.14531)
2026
1303
823

140884574
115
acc(-0.9911995, 1.410185, 9.706094)gyro(-0.02291577, 0.1236386, -0.8023187)mag(30.4002, 3.789844, 41.10469)
2035
b'$GPRMC,144035.500,A,4821.7094,N,00433.9795,W,2.48,23.56,100920,,,A*4B\r\n'
1300
250

141088558
107
acc(-1.151611, 0.9289502, 8.999804)gyro(0.593412, 0.7667459, -1.036406)mag(33.09844, 5.053125, 39.54375)
2037
1315
1019

141293508
144
acc(-2.092532, 1.833959, 10.70687)gyro(0.5281287, 0.2988377, -1.289678)mag(38.13515, 8.662499, 37.11562)
2032
b'$GPRMC,144036.000,A,4821.7097,N,00433.9790,W,2.33,42.46,100920,,,A*41\r\n'
1310
862

141498559
117
acc(-0.3663129, 3.505111, 9.579201)gyro(-0.2066417, -0.007727413, -0.1068515)mag(39.21445, 7.579687, 37.4625)
2032
1298
752

141702565
112
acc(-4.177882, 0.842759, 10.67096)gyro(0.8376249, 0.08153753, -0.3489326)mag(40.47363, 5.955468, 41.10469)
2035
None
1306
685

141906563
145
acc(-2.387019, 2.796427, 10.46506)gyro(0.2392833, -0.03530628, -0.9655269)mag(44.43105, 6.316406, 41.45156)
2038
1305
219

142110524
112
acc(-0.3758897, 1.853112, 9.279925)gyro(0.2997703, -0.294974, -0.07754059)mag(46.05, 5.053125, 41.97187)
2027
b'$GPRMC,144036.500,A,4821.7098,N,00433.9786,W,2.47,64.04,100920,,,A*4D\r\n'
1309
197

142315540
113
acc(-2.760514, 3.936068, 12.78504)gyro(0.1500184, 0.1585452, 0.2571363)mag(43.53164, 2.526562, 45.09375)
2032
1280
863

142520553
107
acc(-0.6440403, 2.365471, 6.435614)gyro(-0.4091532, 0.01945176, 0.237951)mag(44.61093, 0.721875, 44.4)
2033
b'$GPRMC,144037.000,A,4821.7099,N,00433.9781,W,2.46,68.41,100920,,,A*43\r\n'
1296
201

142725508
117
acc(-0.2777274, 2.099715, 9.495404)gyro(-0.04409955, 0.02384839, -0.08460184)mag(45.15058, 4.150781, 44.57344)
2043
1297
750

142929516
96
acc(-3.564966, 2.138022, 12.76828)gyro(-0.2913767, 0.006128638, -0.5948775)mag(46.40976, 5.775, 41.625)
2034
b'$GPRMC,144037.500,A,4821.7099,N,00433.9776,W,2.42,80.26,100920,,,A*4D\r\n'
1303
294

143133508
83
acc(-0.4668693, 3.031059, 6.95755)gyro(0.1453553, -0.449389, -0.2725911)mag(49.46777, 5.594531, 40.75781)
2031
1294
230

143338574
97
acc(-0.5865794, 0.9600749, 9.85214)gyro(-0.1700031, -0.4936218, 0.497752)mag(47.84883, 1.804687, 41.625)
2026
b'$GPRMC,144038.000,A,4821.7099,N,00433.9772,W,2.50,80.00,100920,,,A*44\r\n'
1294
214

143542525
75
acc(-1.312023, 6.538565, 11.22162)gyro(-0.5152053, -0.3113614, 1.188156)mag(48.38848, -0.1804687, 45.61406)
2046
1291
202

143747545
106
acc(0.4596867, 0.06703765, 7.062895)gyro(-0.4792328, 0.3116279, 0.8079144)mag(43.89141, 4.33125, 43.35937)
2041
None
1281
205

143951549
108
acc(-1.443704, -1.307234, 9.552865)gyro(-0.2912435, 0.04663095, 0.2907106)mag(46.05, 5.775, 43.0125)
2032
1302
208

144156535
97
acc(-3.426103, -0.1125275, 11.5616)gyro(-0.09859113, 0.9872436, -0.7827336)mag(46.58965, 8.482031, 41.10469)
2035
b'$GPRMC,144038.500,A,4821.7101,N,00433.9767,W,2.39,69.06,100920,,,A*4B\r\n'
1297
208

144360550
99
acc(-0.1077391, 0.9050082, 7.625533)gyro(0.595144, -0.4771011, -0.06155284)mag(48.38848, 5.955468, 41.10469)
2034
1305
229

144564561
101
acc(-1.362301, 0.8092402, 11.12107)gyro(0.04130168, 0.3591914, 0.06994641)mag(45.69023, 3.248437, 42.66562)
2022
b'$GPRMC,144039.000,A,4821.7100,N,00433.9762,W,2.55,85.10,100920,,,A*44\r\n'
1295
207

144768558
86
acc(-0.8283938, 3.519476, 8.523358)gyro(-0.1917198, 0.6157949, 0.5466478)mag(43.17187, 5.053125, 40.93125)
2051
1305
208

144972565
83
acc(0.1556231, 0.08858546, 8.264784)gyro(-0.4533859, -0.3048331, 0.4591149)mag(41.19316, 5.233593, 41.79843)
2026
b'$GPRMC,144039.500,A,4821.7100,N,00433.9758,W,2.25,90.81,100920,,,A*43\r\n'
1285
202

145176557
81
acc(-2.11408, -0.03351882, 12.11466)gyro(-0.2227627, -0.2199648, 0.1240383)mag(45.15058, 4.511718, 42.83906)
2029
1294
194
