
63410900
64
acc(0.1819593, 1.716643, 9.991004)gyro(0.1337642, 0.1959832, -0.1401593)mag(31.65937, -36.81562, 40.58437)
2065
b'$GPRMC,143918.103,V,,,,,0.00,0.00,100920,,,N*43\r\n'
1392
202

63615559
75
acc(1.367089, 1.403002, 5.928043)gyro(-0.2673951, 0.1682711, -0.2940414)mag(31.29961, -36.09375, 40.2375)
2059
1408
193

63819568
69
acc(0.8619126, 1.527501, 9.97185)gyro(-0.001199081, -0.04769679, -0.07460951)mag(28.96113, -35.55234, 39.71719)
2043
None
1392
191

64024568
58
acc(-1.101333, 3.639187, 11.38922)gyro(0.3671853, 0.0106585, -0.4346003)mag(28.42148, -36.09375, 39.89062)
2058
1392
195

64228542
62
acc(-0.6727707, 1.850718, 8.291121)gyro(-0.4210108, 0.1745329, -1.047597)mag(26.26289, -35.37187, 39.89062)
2064
b'$GPRMC,143918.603,V,,,,,0.00,0.00,100920,,,N*44\r\n'
1394
189

64432536
73
acc(-2.817975, 1.929727, 11.84891)gyro(-0.3988944, -0.0941945, -1.347501)mag(25.36348, -33.74765, 39.02344)
2053
1393
202

64636527
70
acc(0.4094085, 1.261744, 8.815451)gyro(-0.5375881, 0.1321654, -0.09139664)mag(21.76582, -31.94297, 39.02344)
2055
b'$GPRMC,143919.103,V,,,,,0.00,0.00,100920,,,N*42\r\n'
1389
202

64841564
66
acc(-1.793257, 0.3423708, 10.37887)gyro(0.0920628, -0.08633385, 0.6261868)mag(23.38476, -32.48437, 38.85)
2047
1391
203

65045526
62
acc(-1.268927, 0.6009446, 9.619903)gyro(0.1592113, 0.09725882, 0.05076111)mag(23.20488, -34.10859, 38.32969)
2064
b'$GPRMC,143919.603,V,,,,,0.00,0.00,100920,,,N*45\r\n'
1392
240

65249531
80
acc(-0.1412579, 1.254562, 10.59913)gyro(-0.02717917, 0.0686141, 0.01012558)mag(22.30547, -34.65, 38.15625)
2055
1398
198

65453528
78
acc(0.4955997, 0.8523358, 9.727641)gyro(0.07594181, 0.08073814, 0.07420981)mag(20.14687, -33.92812, 39.89062)
2059
b'$GPRMC,143920.103,V,,,,,0.00,0.00,100920,,,N*48\r\n'
1397
203

65658543
71
acc(0.2322376, 1.252167, 10.02931)gyro(-0.00532925, 0.1011225, 0.06834764)mag(21.9457, -33.92812, 39.19687)
2055
1391
193

65863524
48
acc(0.1867477, 1.529895, 10.04128)gyro(0.0, 0.1043201, 0.06062022)mag(21.40605, -34.10859, 39.37031)
2042
b'$GPRMC,143920.603,V,,,,,0.00,0.00,100920,,,N*4F\r\n'
1397
189

66068543
59
acc(0.2011129, 1.154005, 9.888053)gyro(0.08167076, 0.1091164, 0.03677183)mag(23.025, -33.56719, 38.50312)
2059
1408
208

66273532
70
acc(0.1388637, 1.256956, 9.780313)gyro(-0.006928025, 0.09645943, 0.03464013)mag(22.48535, -33.74765, 38.32969)
2064
None
1394
208

66478508
78
acc(0.1963245, 1.450886, 9.957485)gyro(-0.07980552, 0.06488362, 0.06341808)mag(22.84512, -33.02578, 37.98281)
2058
1370
181

66682513
80
acc(-0.1149217, 1.130063, 9.967062)gyro(0.03077642, 0.1232389, 0.03517305)mag(23.025, -33.92812, 38.85)
2045
b'$GPRMC,143921.103,V,,,,,0.00,0.00,100920,,,N*49\r\n'
1392
197

66886518
49
acc(-0.04788403, 1.268927, 10.06522)gyro(0.002398162, 0.1009893, 0.02011792)mag(23.38476, -33.20625, 39.89062)
2045
1393
205

67091570
54
acc(-0.06703765, 1.278504, 9.919178)gyro(0.02038438, 0.07327719, 0.01558806)mag(20.68652, -32.66484, 39.71719)
2053
b'$GPRMC,143921.603,V,,,,,0.00,0.00,100920,,,N*4E\r\n'
1387
255

67295557
73
acc(-0.09337386, 1.278504, 10.00537)gyro(0.01785299, 0.06168607, 0.01931853)mag(22.66523, -33.20625, 39.54375)
2045
1394
202

67499565
80
acc(-0.2346318, 1.403002, 10.28549)gyro(0.04796326, 0.05995407, 0.01665391)mag(24.1043, -33.20625, 38.85)
2061
b'$GPRMC,143922.103,V,,,,,0.00,0.00,100920,,,N*4A\r\n'
1403
209

67703568
75
acc(-0.06943185, 1.254562, 9.763555)gyro(0.01132466, 0.1075176, 0.02637979)mag(23.025, -33.20625, 40.2375)
2037
1387
193

67908524
66
acc(-0.2633622, 1.201889, 10.01495)gyro(0.03996937, 0.02651302, 0.0106585)mag(24.46406, -32.48437, 41.27812)
2046
b'$GPRMC,143922.603,V,,,,,0.00,0.00,100920,,,N*4D\r\n'
1395
197

68112510
53
acc(-0.2466028, 1.316811, 9.900024)gyro(0.0085268, 0.04982849, 0.01665391)mag(22.48535, -32.30391, 39.71719)
2053
1406
195

68317557
77
acc(-0.3256114, 1.374272, 9.92636)gyro(0.04449924, 0.06928025, 0.01145789)mag(23.38476, -33.56719, 40.2375)
2046
None
1392
208

68521559
80
acc(-0.2537854, 1.374272, 9.964667)gyro(-0.006261869, 0.05862175, 0.007327719)mag(24.82383, -32.84531, 39.19687)
2047
1389
196

68726526
69
acc(-0.2202666, 1.285686, 10.0341)gyro(0.01358959, 0.05196019, 0.01438898)mag(23.20488, -33.74765, 39.71719)
2061
b'$GPRMC,143923.103,V,,,,,0.00,0.00,100920,,,N*4B\r\n'
1392
211

68931555
71
acc(-0.2346318, 1.297657, 10.14663)gyro(0.009725882, 0.02184993, -0.009992343)mag(22.12559, -33.38671, 39.71719)
2053
1392
213

69135585
65
acc(-0.02154782, 1.240196, 9.844957)gyro(0.03996937, 0.04596478, -0.02438132)mag(23.56465, -34.46953, 39.02344)
2052
b'$GPRMC,143923.603,V,,,,,0.00,0.00,100920,,,N*4C\r\n'
1397
211

69340511
48
acc(-0.05267244, 1.216254, 9.895236)gyro(0.04623124, 0.05062788, 0.001465544)mag(23.38476, -33.56719, 39.89062)
2039
1405
200

69544504
60
acc(-0.06943185, 1.244985, 9.94312)gyro(0.002264931, 0.04010261, 0.01438898)mag(24.64394, -34.46953, 39.37031)
2051
b'$GPRMC,143924.103,V,,,,,0.00,0.00,100920,,,N*4C\r\n'
1399
208

69749559
77
acc(-0.01915361, 1.288081, 9.919178)gyro(0.02264931, 0.08140429, -0.002531394)mag(24.64394, -33.38671, 39.02344)
2064
1398
195

69954519
71
acc(-0.05506664, 1.233014, 9.818622)gyro(0.007061257, 0.08313629, -0.001598775)mag(23.025, -33.92812, 39.54375)
2046
b'$GPRMC,143924.603,V,,,,,0.00,0.00,100920,,,N*4B\r\n'
1397
187

70159558
69
acc(-0.07182605, 1.268927, 10.06283)gyro(0.007993875, 0.06515008, 0.01212404)mag(24.28418, -33.02578, 40.41093)
2053
1411
207

70364526
80
acc(-0.01436521, 1.244985, 9.818622)gyro(0.02091731, 0.07341042, 0.004130169)mag(23.20488, -35.1914, 40.06406)
2062
b'$GPRMC,143925.103,V,,,,,0.00,0.00,100920,,,N*4D\r\n'
1392
192

70568544
77
acc(-0.1436521, 1.244985, 10.02452)gyro(0.01931853, 0.05742267, -0.002264931)mag(23.025, -32.48437, 38.15625)
2064
1411
195

70773526
64
acc(-0.1268927, 1.321599, 9.940725)gyro(0.0255804, 0.0575559, -0.02011792)mag(25.36348, -33.38671, 40.41093)
2046
None
1394
195

70977534
48
acc(-0.1580173, 1.292869, 10.10353)gyro(0.008260338, 0.01518836, 0.01771976)mag(23.74453, -35.37187, 39.54375)
2060
1407
198

71182553
70
acc(-0.08619126, 1.297657, 9.986216)gyro(0.02744564, 0.04942879, -0.01398928)mag(25.18359, -33.20625, 39.19687)
2060
b'$GPRMC,143925.603,V,,,,,0.00,0.00,100920,,,N*4A\r\n'
1392
205

71387533
64
acc(-0.1723825, 1.307234, 10.11071)gyro(0.02051761, 0.03770444, 0.01558806)mag(23.025, -33.92812, 40.93125)
2054
1415
185

71591527
55
acc(0.09576806, 1.228225, 9.749189)gyro(-0.007194488, 0.04756356, 0.003730475)mag(24.1043, -32.84531, 40.2375)
2055
b'$GPRMC,143926.103,V,,,,,0.00,0.00,100920,,,N*4E\r\n'
1400
192

71795526
47
acc(-0.09097966, 1.316811, 10.12508)gyro(0.03117611, 0.05928791, -0.000532925)mag(23.56465, -33.38671, 39.02344)
2043
1419
212

71999543
60
acc(0.007182605, 1.314417, 9.981427)gyro(0.006794794, 0.04569832, 0.00746095)mag(23.74453, -33.20625, 39.54375)
2064
b'$GPRMC,143926.603,V,,,,,0.00,0.00,100920,,,N*49\r\n'
1402
203

72204542
63
acc(-0.1029507, 1.292869, 10.08438)gyro(0.009859113, 0.04956203, -0.00106585)mag(22.84512, -33.38671, 39.37031)
2064
1407
208

72408549
63
acc(-0.08379706, 1.285686, 9.888053)gyro(0.02637979, 0.07194488, 0.01438898)mag(23.56465, -33.38671, 39.71719)
2033
b'$GPRMC,143927.103,V,,,,,0.00,0.00,100920,,,N*4F\r\n'
1401
187

72612545
56
acc(-0.225055, 1.278504, 10.01255)gyro(0.04783002, 0.03517305, 0.005595713)mag(22.84512, -34.10859, 40.41093)
2057
1404
199

72817535
51
acc(0.1460463, 1.256956, 9.785102)gyro(0.0383706, 0.04436601, 0.0021317)mag(24.28418, -34.10859, 40.06406)
2065
None
1408
185

73021526
53
acc(-0.2466028, 1.30484, 10.49618)gyro(-0.02717917, 0.3346769, 0.2227627)mag(23.56465, -33.38671, 39.71719)
2057
1414
192

73226543
65
acc(-0.4908113, 1.551443, 10.06283)gyro(0.261533, 0.4432604, 0.5820874)mag(24.28418, -34.10859, 40.06406)
2043
b'$GPRMC,143927.603,V,,,,,0.00,0.00,100920,,,N*48\r\n'
1395
192

73431534
62
acc(-0.09816227, 1.211466, 9.471462)gyro(-0.5963431, -0.04703063, -0.6228561)mag(24.1043, -33.20625, 40.2375)
2063
1397
195

73635535
48
acc(-0.4836287, -0.2082956, 9.775525)gyro(-0.2187657, -0.05715621, -0.3150919)mag(27.52207, -31.22109, 41.79843)
2054
b'$GPRMC,143928.103,V,,,,,0.00,0.00,100920,,,N*40\r\n'
1397
190

73840563
59
acc(-0.5793968, -0.1987187, 10.01734)gyro(0.02571363, 0.07727412, -0.08833232)mag(26.80254, -30.13828, 42.14531)
2059
1402
205

74044540
64
acc(-0.7924808, -0.07661445, 9.730036)gyro(0.1604104, 0.05955438, 0.03797091)mag(27.52207, -30.49922, 42.14531)
2059
b'$GPRMC,143928.603,V,,,,,0.00,0.00,100920,,,N*47\r\n'
1392
195

74249526
66
acc(-0.7350199, 0.3184288, 9.967062)gyro(0.1755988, 0.03264165, 0.009992343)mag(26.44277, -29.77734, 42.49218)
2062
1399
176

74453542
56
acc(-0.4285621, 0.3950433, 10.08438)gyro(0.05982084, -0.03677183, -0.09486065)mag(25.36348, -30.86015, 41.45156)
2052
b'$GPRMC,143929.103,V,,,,,0.00,0.00,100920,,,N*41\r\n'
1405
185

74658528
60
acc(-0.4668693, 0.7350199, 9.902418)gyro(0.1097826, -0.09073049, -0.07674119)mag(25.72324, -31.94297, 41.45156)
2053
1406
198

74863561
55
acc(-0.08858546, 0.8044518, 9.758766)gyro(0.2071746, 0.07514243, 0.09192957)mag(23.92441, -33.38671, 40.75781)
2061
b'$GPRMC,143929.603,V,,,,,0.00,0.00,100920,,,N*46\r\n'
1411
208

75068547
64
acc(-0.2394202, 0.7398083, 9.947908)gyro(-0.04076877, 0.1657397, 0.03050995)mag(23.38476, -32.48437, 39.89062)
2063
1398
195

75273536
76
acc(-0.007182605, 0.8212111, 9.921572)gyro(0.02598009, -0.04663095, 0.03024349)mag(23.92441, -32.66484, 40.75781)
2063
None
1412
208

75477538
55
acc(-0.2202666, 1.319205, 10.18972)gyro(-0.01199081, -0.1374947, 0.02904441)mag(23.74453, -33.20625, 40.93125)
2046
1409
205

75681512
55
acc(0.1005565, 0.7781156, 9.785102)gyro(-0.1393599, -0.002931087, 0.03144258)mag(24.1043, -33.20625, 40.58437)
2062
b'$GPRMC,143930.096,V,,,,,0.02,53.97,100920,,,N*7E\r\n'
1422
202

75886546
65
acc(0.3878607, 0.6703765, 9.765948)gyro(0.05915468, -0.07394335, 0.02797856)mag(26.08301, -34.83047, 39.71719)
2064
1419
199

76090559
76
acc(0.02633622, 1.041478, 10.47224)gyro(0.009859113, 0.02518071, -0.01239051)mag(25.00371, -34.46953, 40.41093)
2038
b'$GPRMC,143930.596,V,,,,,0.05,36.96,100920,,,N*7E\r\n'
1424
202

76295526
57
acc(0.4189853, 0.641646, 10.13945)gyro(0.02891118, 0.02944411, -0.1562803)mag(25.54336, -35.01094, 39.54375)
2057
1422
202

76500549
78
acc(0.4141969, 0.8355764, 9.68694)gyro(0.09432773, -0.01345636, -0.06288515)mag(25.54336, -35.37187, 39.54375)
2056
b'$GPRMC,143931.096,A,4821.6813,N,00433.9489,W,0.03,51.60,100920,,,A*4E\r\n'
1408
200

76705558
70
acc(0.3974375, 1.063026, 9.97185)gyro(-0.009459419, 0.1105819, -0.01265697)mag(23.74453, -36.45468, 39.19687)
2062
1413
207

76910519
80
acc(0.5291186, 1.084573, 9.94312)gyro(0.005862175, 0.04649771, 0.02664625)mag(23.025, -34.65, 38.15625)
2060
None
1421
198

77114509
85
acc(0.6009446, 0.9672575, 9.900024)gyro(0.05955438, -0.01159112, 0.04623124)mag(24.1043, -34.28906, 38.85)
2043
1413
198

77319573
67
acc(0.5722142, 1.041478, 9.868899)gyro(0.004130169, 0.1486861, -0.007061257)mag(22.84512, -35.55234, 38.32969)
2065
b'$GPRMC,143932.000,A,4821.6811,N,00433.9485,W,0.04,44.71,100920,,,A*4F\r\n'
1401
181

77523509
67
acc(0.5027823, 1.23062, 10.0341)gyro(0.02424809, 0.001465544, 0.003464013)mag(24.64394, -35.91328, 38.32969)
2055
1409
203

77727566
64
acc(0.6248866, 1.18513, 9.933543)gyro(0.007594181, 0.02025115, -0.03650537)mag(23.38476, -35.73281, 38.15625)
2059
None
1417
207

77931532
48
acc(0.7685388, 1.211466, 9.993398)gyro(0.02065084, -0.04036907, -0.01039204)mag(22.84512, -36.99609, 38.32969)
2051
1411
192

78135525
51
acc(0.794875, 1.127669, 9.816227)gyro(-0.01998469, 0.09952374, -0.002531394)mag(24.28418, -36.63516, 37.28906)
2061
b'$GPRMC,143932.500,A,4821.6811,N,00433.9484,W,0.01,289.59,100920,,,A*77\r\n'
1430
192

78340513
49
acc(0.7326257, 1.130063, 9.923966)gyro(0.009326188, 0.04676417, 0.0)mag(23.025, -36.45468, 38.50312)
2062
1414
207

78545568
61
acc(0.806846, 0.9816227, 9.945514)gyro(-0.0003996938, 0.04556509, 0.02158346)mag(24.1043, -35.73281, 37.11562)
2055
b'$GPRMC,143933.000,A,4821.6810,N,00433.9485,W,0.01,57.20,100920,,,A*4C\r\n'
1430
202

78750509
37
acc(0.9241618, 0.9911995, 9.988609)gyro(-0.04010261, -0.006928025, 0.01931853)mag(24.28418, -35.91328, 37.28906)
2063
1409
203

78954515
64
acc(1.458069, 0.902614, 9.868899)gyro(-0.03517305, -0.2274258, 0.06928025)mag(24.46406, -38.25937, 35.38125)
2057
b'$GPRMC,143933.500,A,4821.6812,N,00433.9487,W,0.07,207.15,100920,,,A*7E\r\n'
1423
203

79158509
48
acc(1.958457, 0.7302315, 9.703699)gyro(-0.1081838, -0.4302037, -0.01532159)mag(25.90312, -40.06406, 35.72812)
2055
1417
196

79363574
78
acc(3.021482, 0.4405331, 9.526528)gyro(-0.06941348, -0.2944411, 0.004796325)mag(25.72324, -42.77109, 33.82031)
2064
b'$GPRMC,143934.000,A,4821.6814,N,00433.9488,W,0.05,336.85,100920,,,A*7D\r\n'
1418
207

79567562
78
acc(3.797204, 0.3375824, 8.925584)gyro(0.06741501, -0.2271593, 0.07594181)mag(26.26289, -43.67343, 32.60625)
2059
1419
208

79771544
51
acc(4.276044, 0.3687071, 8.832211)gyro(0.1421577, -0.2961731, 0.1264365)mag(25.18359, -47.28281, 30.525)
2062
None
1411
179

79975559
38
acc(4.790798, 0.6607997, 8.99741)gyro(0.07460951, -0.115245, 0.04236754)mag(26.44277, -48.90703, 26.53594)
2064
1415
197

80180519
75
acc(5.042189, 0.6727707, 8.59279)gyro(0.006395101, 0.09725882, -0.00746095)mag(27.34219, -49.80937, 28.09687)
2064
b'$GPRMC,143934.500,A,4821.6815,N,00433.9489,W,0.04,40.38,100920,,,A*4D\r\n'
1411
177

80384518
57
acc(5.006276, 0.6081272, 8.571242)gyro(0.05489128, 0.1025881, 0.01079173)mag(26.26289, -49.44843, 26.70937)
2064
1407
191

80588510
48
acc(4.848258, 0.5793968, 8.820239)gyro(0.008926495, 0.04876264, 0.01585452)mag(27.52207, -51.43359, 27.57656)
2064
b'$GPRMC,143935.000,A,4821.6815,N,00433.9487,W,0.02,29.60,100920,,,A*43\r\n'
1410
189

80793544
70
acc(4.99191, 0.5626374, 8.683769)gyro(-0.01692037, 0.09126341, 0.005196019)mag(27.88183, -49.26797, 25.14844)
2058
1413
199

80997567
57
acc(4.668694, 0.6919243, 8.834604)gyro(0.06488362, 0.2462114, 0.007993875)mag(27.88183, -48.90703, 27.92344)
2062
b'$GPRMC,143935.500,A,4821.6816,N,00433.9487,W,0.03,315.97,100920,,,A*70\r\n'
1421
193

81201558
58
acc(4.613626, 0.6512229, 9.136273)gyro(0.05622359, 0.07820675, -0.01878561)mag(27.52207, -48.90703, 28.27031)
2061
1413
206

81405564
82
acc(3.950433, 0.5865794, 8.920795)gyro(0.2105054, 0.6197918, 0.179196)mag(27.1623, -48.90703, 28.96406)
2057
b'$GPRMC,143936.000,A,4821.6815,N,00433.9486,W,0.01,178.80,100920,,,A*79\r\n'
1417
201

81609557
63
acc(3.725378, 0.8236053, 9.212888)gyro(0.03330781, 0.1664058, 0.003730475)mag(26.80254, -47.82422, 32.08593)
2060
1412
190

81814505
34
acc(3.440468, 0.8499416, 9.464279)gyro(0.03663859, 0.2089066, -0.03330781)mag(26.26289, -46.56094, 33.64687)
2046
b'$GPRMC,143936.500,A,4821.6816,N,00433.9485,W,0.03,238.52,100920,,,A*76\r\n'
1419
185

82018509
61
acc(2.837129, 0.9457096, 9.885659)gyro(0.06541655, 0.2503415, -0.1136463)mag(25.72324, -44.21484, 32.77969)
2064
1424
191

82223558
60
acc(2.382231, 1.082179, 9.375694)gyro(0.1015222, 0.3558607, -0.09552681)mag(26.44277, -42.41015, 33.82031)
2061
None
1418
208

82428516
58
acc(1.912967, 1.467646, 9.974244)gyro(0.08859879, 0.2459449, -0.02318224)mag(23.56465, -40.96641, 36.59531)
2064
1411
208

82633566
80
acc(1.70946, 1.388637, 9.562442)gyro(0.0001332313, 0.1961164, 0.009059726)mag(21.9457, -40.06406, 36.76875)
2063
b'$GPRMC,143937.000,A,4821.6817,N,00433.9484,W,0.02,126.40,100920,,,A*7C\r\n'
1408
208

82838547
80
acc(1.486799, 1.25935, 9.962274)gyro(-0.07527566, 0.1540153, 0.05675651)mag(23.74453, -40.78594, 35.03438)
2064
1413
203

83043527
47
acc(1.015141, 1.00317, 9.591172)gyro(0.003330781, 0.2741899, 0.05036141)mag(25.36348, -39.52266, 37.98281)
2064
b'$GPRMC,143937.500,A,4821.6818,N,00433.9485,W,0.09,186.02,100920,,,A*70\r\n'
1406
204

83247526
41
acc(0.842759, 0.6512229, 9.674969)gyro(-0.1338974, 0.360657, 0.01652068)mag(24.28418, -36.99609, 37.98281)
2046
1408
204

83451544
63
acc(1.508347, 1.022324, 9.442732)gyro(0.02997703, 0.2935084, -0.02051761)mag(22.66523, -34.65, 39.19687)
2058
b'$GPRMC,143938.000,A,4821.6819,N,00433.9486,W,0.13,196.65,100920,,,A*73\r\n'
1403
191

83655526
50
acc(0.9672575, 1.460463, 10.66138)gyro(0.240216, 0.07833998, 0.2824502)mag(22.12559, -34.10859, 39.71719)
2046
1406
194
