
S63234166
0
a(-2.214637, 2.269703, 9.574412)g(0.02358193, 0.05662329, -0.006128638)m(-4.676953, -29.59687, 30.525)
2074
$GPRMC,000044.799,V,,,,,0.00,0.00,060180,,,N*45\r
1381
1856

S63438548
0
a(-2.27928, 2.336741, 9.483433)g(0.021317, 0.05635682, -0.002398162)m(-3.957421, -29.59687, 30.17812)
2074
1377
1836

S63643555
0
a(-2.276886, 2.267309, 9.540894)g(0.0255804, 0.05822206, -0.0007993876)m(-5.216601, -27.61172, 30.35156)
2075

1387
1804

S63848523
0
a(-2.243367, 2.286463, 9.533711)g(0.02531394, 0.05715621, -0.005462481)m(-5.936132, -29.05547, 32.08593)
2078
1385
1891

S64052507
0
a(-2.252944, 2.276886, 9.600749)g(0.02238285, 0.05702298, -0.004396631)m(-5.576367, -26.16797, 31.04531)
2071
$GPRMC,000045.299,V,,,,,0.00,0.00,060180,,,N*41\r
1385
1839

S64257552
0
a(-2.262521, 2.272097, 9.64145)g(0.02624656, 0.06448393, -0.004130169)m(-6.116015, -29.59687, 30.87188)
2069
1394
1856

S64461564
0
a(-2.267309, 2.291251, 9.557653)g(0.01971823, 0.0596876, -0.003597244)m(-5.036718, -28.875, 30.17812)
2067
$GPRMC,000045.799,V,,,,,0.00,0.00,060180,,,N*44\r
1383
1888

S64665555
0
a(-2.264915, 2.296039, 9.569624)g(0.02371516, 0.0554242, -0.002664625)m(-3.957421, -27.79219, 29.1375)
2063
1373
1808

S64870523
0
a(-2.25055, 2.296039, 9.591172)g(0.02424809, 0.05742267, -0.003064319)m(-3.597656, -29.23594, 30.17812)
2063
$GPRMC,000046.299,V,,,,,0.00,0.00,060180,,,N*42\r
1387
1894

S65074521
0
a(-2.264915, 2.240973, 9.61272)g(0.02251608, 0.05848852, -0.007061257)m(-4.317187, -26.34844, 31.56562)
2077
1392
1817

S65278530
0
a(-2.243367, 2.305616, 9.629479)g(0.02704594, 0.07194488, -0.004929556)m(-6.475781, -28.51406, 29.48438)
2069
$GPRMC,000046.799,V,,,,,0.00,0.00,060180,,,N*47\r
1375
1819

S65483527
0
a(-2.257732, 2.27928, 9.519346)g(0.02011792, 0.04543186, 0.000532925)m(-3.23789, -28.15312, 31.56562)
2078
1369
1844

S65688538
0
a(-2.255338, 2.329558, 9.543288)g(0.02091731, 0.04889587, -0.01039204)m(-5.396484, -29.23594, 29.83125)
2069

1381
1824

S65892556
0
a(-2.303222, 2.245761, 9.488221)g(0.02145023, 0.05675651, -0.001732006)m(-5.396484, -28.15312, 31.21875)
2065
1371
1843

S66096539
0
a(-2.219425, 2.264915, 9.583989)g(0.0277121, 0.0596876, -0.000532925)m(-3.597656, -27.79219, 29.83125)
2070
$GPRMC,000047.299,V,,,,,0.00,0.00,060180,,,N*43\r
1375
1833

S66301515
0
a(-2.257732, 2.286463, 9.593566)g(0.02051761, 0.06022053, -0.002531394)m(-6.116015, -28.875, 32.60625)
2066
1399
1856

S66505518
0
a(-2.298434, 2.296039, 9.52174)g(0.02145023, 0.06101991, -0.002398162)m(-5.936132, -29.05547, 29.31094)
2070
$GPRMC,000047.799,V,,,,,0.00,0.00,060180,,,N*46\r
1383
1878

S66709567
0
a(-2.229002, 2.363077, 9.552865)g(0.01945176, 0.06115315, -0.007327719)m(-4.317187, -28.15312, 29.83125)
2059
1397
1827

S66913567
0
a(-2.288857, 2.274492, 9.569624)g(0.02731241, 0.05742267, -0.002797856)m(-5.936132, -27.97266, 31.73906)
2071
$GPRMC,000048.299,V,,,,,0.00,0.00,060180,,,N*4C\r
1397
1900

S67117557
0
a(-2.226608, 2.269703, 9.49301)g(0.02837825, 0.06008729, -0.005595713)m(-4.49707, -27.97266, 31.04531)
2075
1396
1838

S67321507
0
a(-2.284068, 2.310405, 9.564836)g(0.0255804, 0.05742267, -0.003730475)m(-4.49707, -27.61172, 29.31094)
2077
$GPRMC,000048.799,V,,,,,0.00,0.00,060180,,,N*49\r
1403
1888

S67525552
0
a(-2.240973, 2.229002, 9.600749)g(0.02304901, 0.06062022, -0.0007993876)m(-6.835546, -28.15312, 31.56562)
2071
1394
1874

S67730524
0
a(-2.269703, 2.236184, 9.536105)g(0.02691271, 0.06341808, -0.003996938)m(-4.49707, -27.25078, 29.65781)
2061
$GPRMC,000049.299,V,,,,,0.00,0.00,060180,,,N*4D\r
1395
1810

S67935513
0
a(-2.257732, 2.262521, 9.557653)g(0.02611332, 0.05902144, -0.0006661563)m(-5.216601, -28.69453, 30.00469)
2059
1390
1849

S68140555
0
a(-2.315193, 2.23379, 9.52174)g(0.03050995, 0.07754059, 0.0)m(-6.475781, -27.79219, 29.1375)
2077

1393
1809

S68344558
0
a(-2.202666, 2.41575, 9.622296)g(0.01798622, 0.04409955, -0.00532925)m(-4.856836, -29.05547, 30.69844)
2081
1396
1827

S68548555
0
a(-2.20506, 2.303222, 9.557653)g(0.02398163, 0.06008729, -0.004529863)m(-5.936132, -29.05547, 30.35156)
2070
$GPRMC,000049.799,V,,,,,0.00,0.00,060180,,,N*48\r
1405
1809

S68752535
0
a(-2.276886, 2.257732, 9.55047)g(0.0234487, 0.06488362, -0.004529863)m(-5.216601, -28.33359, 30.69844)
2077
1397
1811

S68956565
0
a(-2.317587, 2.32477, 9.52174)g(0.02717917, 0.06621593, -0.0042634)m(-4.676953, -27.43125, 31.9125)
2062
$GPRMC,000050.299,V,,,,,0.00,0.00,060180,,,N*45\r
1392
1807

S69160550
0
a(-2.262521, 2.296039, 9.564836)g(0.02664625, 0.05582389, -0.002264931)m(-6.295898, -27.97266, 30.00469)
2063
1397
1856

S69365512
0
a(-2.224213, 2.236184, 9.509769)g(0.02091731, 0.05142726, -0.006794794)m(-6.116015, -27.07031, 30.525)
2073
$GPRMC,000050.799,V,,,,,0.00,0.00,060180,,,N*40\r
1405
1856

S69569526
0
a(-2.286463, 2.331953, 9.557653)g(0.02238285, 0.06141961, -0.007860644)m(-5.576367, -30.13828, 30.69844)
2079
1406
1822

S69774558
0
a(-2.276886, 2.312799, 9.576807)g(0.01865238, 0.05515773, -0.005462481)m(-5.036718, -27.79219, 31.56562)
2076
$GPRMC,000051.299,V,,,,,0.00,0.00,060180,,,N*44\r
1401
1820

S69979533
0
a(-2.20506, 2.25055, 9.545682)g(0.02571363, 0.05475805, 0.0001332313)m(-4.676953, -28.875, 30.17812)
2075
1390
1807

S70184539
0
a(-2.226608, 2.226608, 9.557653)g(0.02504747, 0.05715621, -0.007860644)m(-6.295898, -29.41641, 29.31094)
2069

1392
1827

S70389509
0
a(-2.229002, 2.310405, 9.622296)g(0.02438132, 0.05902144, -0.0042634)m(-5.756249, -28.15312, 29.83125)
2077
1393
1901

S70594561
0
a(-2.267309, 2.293645, 9.524135)g(0.02491424, 0.05848852, -0.005062788)m(-4.856836, -26.88984, 31.04531)
2068
$GPRMC,000051.799,V,,,,,0.00,0.00,060180,,,N*41\r
1399
1820

S70798576
0
a(-2.272097, 2.288857, 9.545682)g(0.02158346, 0.05475805, -0.001465544)m(-4.856836, -27.97266, 30.35156)
2076
1397
1883

S71003516
0
a(-2.236184, 2.260126, 9.502586)g(0.02571363, 0.05848852, -0.003464013)m(-5.216601, -27.61172, 31.04531)
2075
$GPRMC,000052.299,V,,,,,0.00,0.00,060180,,,N*47\r
1413
1819

S71207549
0
a(-2.255338, 2.276886, 9.531317)g(0.0255804, 0.05862175, -0.005062788)m(-4.676953, -27.43125, 31.9125)
2064
1393
1805

S71412512
0
a(-2.214637, 2.312799, 9.569624)g(0.02278254, 0.05942113, -0.002664625)m(-3.957421, -25.9875, 30.87188)
2069
$GPRMC,000052.799,V,,,,,0.00,0.00,060180,,,N*42\r
1409
1898

S71616534
0
a(-2.267309, 2.269703, 9.504981)g(0.02278254, 0.05249311, -0.002931087)m(-5.576367, -28.69453, 30.69844)
2071
1411
1887

S71821549
0
a(-2.224213, 2.255338, 9.552865)g(0.02877795, 0.06141961, -0.003597244)m(-4.676953, -29.59687, 30.17812)
2073
$GPRMC,000053.299,V,,,,,0.00,0.00,060180,,,N*46\r
1405
1875

S72026526
0
a(-2.262521, 2.312799, 9.504981)g(0.0255804, 0.05529098, -0.002531394)m(-4.676953, -28.875, 31.56562)
2064
1404
1885

S72231542
0
a(-2.238579, 2.238579, 9.52174)g(0.02145023, 0.05822206, 0.0)m(-4.317187, -27.43125, 30.87188)
2074
$GPRMC,000053.799,V,,,,,0.00,0.00,060180,,,N*43\r
1407
1887

S72435537
0
a(-2.219425, 2.264915, 9.564836)g(0.02291577, 0.05928791, -0.0003996938)m(-4.856836, -28.33359, 31.39219)
2071
1395
1881

S72640526
0
a(-2.221819, 2.293645, 9.519346)g(0.02784533, 0.05808883, -0.0006661563)m(-3.417773, -26.88984, 30.00469)
2074

1399
1898

S72845548
0
a(-2.240973, 2.303222, 9.562442)g(0.02877795, 0.06088669, -0.0021317)m(-3.417773, -28.69453, 30.00469)
2073
1402
1888

S73050556
0
a(-2.214637, 2.284068, 9.528923)g(0.02691271, 0.0575559, -0.0006661563)m(-3.957421, -28.51406, 31.56562)
2071
$GPRMC,000054.299,V,,,,,0.00,0.00,060180,,,N*41\r
1394
1852

S73254571
0
a(-2.236184, 2.229002, 9.512163)g(0.02957734, 0.06062022, 0.0007993876)m(-5.576367, -28.69453, 30.00469)
2067
1399
1841

S73459541
0
a(-2.272097, 2.248155, 9.557653)g(0.02584686, 0.05702298, -0.004929556)m(-5.216601, -29.41641, 31.39219)
2073
$GPRMC,000054.799,V,,,,,0.00,0.00,060180,,,N*44\r
1415
1811

S73663558
0
a(-2.281674, 2.293645, 9.552865)g(0.02371516, 0.05888822, -0.0003996938)m(-5.036718, -26.70937, 30.87188)
2073
1410
1887

S73868517
0
a(-2.243367, 2.25055, 9.514558)g(0.02224962, 0.05688975, -0.006794794)m(-6.116015, -28.51406, 31.21875)
2075
$GPRMC,000055.299,V,,,,,0.00,0.00,060180,,,N*40\r
1414
1893

S74072519
0
a(-2.221819, 2.267309, 9.531317)g(0.02398163, 0.05822206, -0.0021317)m(-4.856836, -28.33359, 30.00469)
2068
1422
1814

S74277515
0
a(-2.212242, 2.274492, 9.52174)g(0.02291577, 0.05609035, -0.002531394)m(-4.137304, -27.61172, 29.65781)
2073
$GPRMC,000055.799,V,,,,,0.00,0.00,060180,,,N*45\r
1421
1808

S74481496
0
a(-2.363077, 2.32477, 9.540894)g(0.02464778, 0.07301073, -0.002398162)m(-4.856836, -28.33359, 30.69844)
2069
1415
1827

S74686560
0
a(-2.288857, 2.226608, 9.516952)g(0.02478101, 0.04396632, -0.006395101)m(-3.777539, -28.69453, 30.35156)
2064

1415
1901

S74891527
0
a(-2.226608, 2.240973, 9.555259)g(0.02371516, 0.05209342, -0.003064319)m(-5.936132, -29.05547, 31.04531)
2078
1419
1821

S75096559
0
a(-2.243367, 2.300828, 9.531317)g(0.02971057, 0.05569067, -0.004396631)m(-5.396484, -27.79219, 30.525)
2065
$GPRMC,000056.299,V,,,,,0.00,0.00,060180,,,N*43\r
1407
1889

S75300570
0
a(-2.269703, 2.269703, 9.524135)g(0.0234487, 0.06381777, -0.006395101)m(-4.317187, -28.51406, 30.525)
2064
1412
1888

S75505492
0
a(-2.240973, 2.262521, 9.555259)g(0.02171669, 0.05915468, -0.007194488)m(-4.676953, -28.15312, 32.60625)
2064
$GPRMC,000056.799,V,,,,,0.00,0.00,060180,,,N*46\r
1408
1894

S75709519
0
a(-2.252944, 2.257732, 9.473856)g(0.02811179, 0.06141961, -0.003730475)m(-4.137304, -26.88984, 30.69844)
2071
1415
1899

S75914563
0
a(-2.229002, 2.260126, 9.591172)g(0.02744564, 0.05622359, -0.001465544)m(-4.49707, -29.05547, 30.69844)
2067
$GPRMC,000057.299,V,,,,,0.00,0.00,060180,,,N*42\r
1411
1895

S76118559
0
a(-2.229002, 2.269703, 9.574412)g(0.02611332, 0.05888822, -0.004529863)m(-6.655663, -27.97266, 31.04531)
2065
1410
1884

S76323520
0
a(-2.217031, 2.269703, 9.593566)g(0.02571363, 0.06062022, -0.006528332)m(-6.475781, -28.51406, 29.48438)
2075
$GPRMC,000057.799,V,,,,,0.00,0.00,060180,,,N*47\r
1413
1894

S76528552
0
a(-2.243367, 2.248155, 9.524135)g(0.02837825, 0.06048699, -0.0002664625)m(-4.49707, -29.41641, 32.08593)
2068
1415
1808

S76733513
0
a(-2.245761, 2.243367, 9.531317)g(0.02424809, 0.06301838, -0.003330781)m(-5.396484, -28.875, 30.525)
2063
$GPRMC,000058.299,V,,,,,0.00,0.00,060180,,,N*4D\r
1405
1885

S76937513
0
a(-2.257732, 2.315193, 9.579201)g(0.02464778, 0.05742267, -0.003597244)m(-4.317187, -29.23594, 29.83125)
2069
1407
1873

S77141543
0
a(-2.255338, 2.288857, 9.593566)g(0.02331547, 0.05928791, -0.003064319)m(-6.116015, -27.79219, 29.83125)
2063

1395
1805

S77345557
0
a(-2.252944, 2.281674, 9.497798)g(0.02411486, 0.05529098, -0.006928025)m(-4.137304, -27.97266, 30.69844)
2072
1403
1845

S77550516
0
a(-2.219425, 2.291251, 9.591172)g(0.02491424, 0.05902144, -0.003863707)m(-4.676953, -28.15312, 29.83125)
2064
$GPRMC,000058.799,V,,,,,0.00,0.00,060180,,,N*48\r
1403
1810

S77754525
0
a(-2.236184, 2.312799, 9.526528)g(0.01865238, 0.05315928, -0.005062788)m(-4.856836, -28.69453, 30.69844)
2058
1408
1853

S77959540
0
a(-2.25055, 2.27928, 9.548077)g(0.02371516, 0.05742267, -0.004396631)m(-3.957421, -27.79219, 29.83125)
2064
$GPRMC,000059.299,V,,,,,0.00,0.00,060180,,,N*4C\r
1415
1888

S78163519
0
a(-2.248155, 2.319981, 9.55047)g(0.02318224, 0.05902144, -0.004796325)m(-5.396484, -27.79219, 29.83125)
2075
1424
1888

S78368565
0
a(-2.226608, 2.272097, 9.5385)g(0.02704594, 0.05835528, -0.002797856)m(-4.49707, -27.97266, 30.00469)
2064
$GPRMC,000059.799,V,,,,,0.00,0.00,060180,,,N*49\r
1413
1808

S78572557
0
a(-2.255338, 2.281674, 9.52174)g(0.02211639, 0.06275192, -0.001465544)m(-5.576367, -27.25078, 31.04531)
2065
1415
1821

S78777517
0
a(-2.276886, 2.274492, 9.545682)g(0.02491424, 0.05862175, -0.007860644)m(-3.957421, -28.875, 30.87188)
2079
$GPRMC,000100.299,V,,,,,0.00,0.00,060180,,,N*41\r
1412
1840

S78981518
0
a(-2.260126, 2.303222, 9.540894)g(0.02384839, 0.06022053, -0.006261869)m(-4.856836, -28.33359, 31.39219)
2068
1421
1819

S79186524
0
a(-2.231396, 2.310405, 9.622296)g(0.02398163, 0.06181931, -0.0021317)m(-5.396484, -28.15312, 31.21875)
2068

1423
1845

S79391550
0
a(-2.272097, 2.267309, 9.536105)g(0.02304901, 0.05688975, -0.0001332313)m(-5.036718, -28.15312, 29.48438)
2079
1413
1833

S79595546
0
a(-2.248155, 2.32477, 9.564836)g(0.02398163, 0.05915468, -0.00319755)m(-3.597656, -28.51406, 30.525)
2062
$GPRMC,000100.799,V,,,,,0.00,0.00,060180,,,N*44\r
1423
1809

S79799553
0
a(-2.209848, 2.284068, 9.528923)g(0.02424809, 0.06261868, -0.00319755)m(-3.777539, -26.5289, 30.69844)
2064
1424
1861

S80004527
0
a(-2.240973, 2.245761, 9.560047)g(0.02184993, 0.06141961, -0.0003996938)m(-4.856836, -29.41641, 30.35156)
2074
$GPRMC,000101.299,V,,,,,0.00,0.00,060180,,,N*40\r
1424
1868

S80208523
0
a(-2.226608, 2.260126, 9.514558)g(0.02451455, 0.05835528, -0.007727413)m(-3.597656, -27.79219, 29.48438)
2080
1427
1891

S80413550
0
a(-2.269703, 2.257732, 9.526528)g(0.02118377, 0.06235223, -0.006928025)m(-3.957421, -28.15312, 31.9125)
2074
$GPRMC,000101.799,V,,,,,0.00,0.00,060180,,,N*45\r
1423
1851

S80617501
0
a(-2.231396, 2.252944, 9.512163)g(0.02438132, 0.05888822, -0.001865237)m(-3.777539, -28.69453, 30.69844)
2066
1424
1843

S80822532
0
a(-2.248155, 2.281674, 9.562442)g(0.02025115, 0.05835528, -0.003464013)m(-5.036718, -27.79219, 29.48438)
2071
$GPRMC,000102.299,V,,,,,0.00,0.00,060180,,,N*43\r
1426
1824

S81026556
0
a(-2.224213, 2.257732, 9.49301)g(0.02278254, 0.05782237, -0.006528332)m(-4.856836, -27.25078, 30.69844)
2079
1434
1829

S81231515
0
a(-2.276886, 2.269703, 9.569624)g(0.02331547, 0.06288515, -0.004529863)m(-6.295898, -28.33359, 30.00469)
2073
$GPRMC,000102.799,V,,,,,0.00,0.00,060180,,,N*46\r
1441
1811

S81435518
0
a(-2.260126, 2.240973, 9.490616)g(0.02171669, 0.05622359, -0.004396631)m(-5.036718, -28.51406, 30.87188)
2074
1435
1806

S81639528
0
a(-2.267309, 2.293645, 9.545682)g(0.0277121, 0.06088669, -0.007993875)m(-5.216601, -28.69453, 30.69844)
2071

1423
1816

S81844540
0
a(-2.276886, 2.25055, 9.52174)g(0.02198316, 0.05982084, -0.005995407)m(-5.576367, -28.33359, 31.73906)
2075
1426
1892

S82049572
0
a(-2.255338, 2.317587, 9.481039)g(0.02384839, 0.0643507, -0.004663094)m(-4.676953, -27.07031, 31.21875)
2071
$GPRMC,000103.299,V,,,,,0.00,0.00,060180,,,N*42\r
1436
1808

S82253568
0
a(-2.267309, 2.30801, 9.557653)g(0.021317, 0.05848852, -0.001998469)m(-6.655663, -29.05547, 28.96406)
2069
1442
1825

S82458513
0
a(-2.276886, 2.245761, 9.562442)g(0.02624656, 0.05915468, -0.00532925)m(-6.295898, -28.33359, 29.65781)
2078
$GPRMC,000103.799,V,,,,,0.00,0.00,060180,,,N*47\r
1434
1842

S82663527
0
a(-2.248155, 2.293645, 9.555259)g(0.02464778, 0.06088669, -0.003064319)m(-5.756249, -27.07031, 31.21875)
2075
1438
1837

S82867566
0
a(-2.25055, 2.298434, 9.5385)g(0.02957734, 0.05782237, -0.001465544)m(-4.317187, -28.51406, 29.83125)
2069
$GPRMC,000104.299,V,,,,,0.00,0.00,060180,,,N*45\r
1430
1869

S83071574
0
a(-2.260126, 2.276886, 9.569624)g(0.02224962, 0.05995407, -0.004396631)m(-5.036718, -27.79219, 30.17812)
2070
1443
1846

S83276569
0
a(-2.264915, 2.262521, 9.560047)g(0.02278254, 0.06608271, -0.0042634)m(-6.295898, -27.97266, 30.35156)
2078
$GPRMC,000104.799,V,,,,,0.00,0.00,060180,,,N*40\r
1435
1886

S83480569
0
a(-2.274492, 2.264915, 9.449914)g(0.02304901, 0.05622359, -0.006128638)m(-5.936132, -28.69453, 31.39219)
2075
1424
1856
