
22364502
64
acc(-3.045424, 2.427721, 11.07079)gyro(-0.5707627, 0.08406893, 0.7614166)mag(8.99414, -11.55, 36.76875)
2053
b'$GPRMC,143836.102,V,,,,,0.00,0.00,100180,,,N*4D\r\n'
1462
199

22569514
38
acc(-2.054225, 4.912902, 7.76679)gyro(-0.1056524, 0.2655299, 0.5326585)mag(10.97285, -13.17422, 37.63594)
2055
1469
201

22773524
32
acc(-2.947262, 2.743755, 8.980651)gyro(-0.6231226, 0.8188393, 0.7331716)mag(12.77168, -16.42266, 39.71719)
2043
b'$GPRMC,143836.602,V,,,,,0.00,0.00,100180,,,N*4A\r\n'
1472
194

22977518
64
acc(-2.815581, 2.856283, 10.97741)gyro(-0.2159678, 0.267928, 0.2977719)mag(15.29004, -18.58828, 41.45156)
2058
1483
199

23182559
52
acc(-3.962404, 2.37026, 7.678205)gyro(-0.442461, 0.1662726, 0.3673186)mag(19.24746, -18.58828, 42.14531)
2054
b'$GPRMC,143837.102,V,,,,,0.00,0.00,100180,,,N*4C\r\n'
1471
184

23386553
54
acc(-0.8762778, 1.695095, 7.158663)gyro(-0.2801853, -0.5152053, 0.5206677)mag(19.24746, -22.91953, 42.83906)
2055
1469
211

23591520
50
acc(-0.605733, 1.446098, 10.25676)gyro(-0.3742466, -0.8248346, 0.6392436)mag(21.76582, -25.44609, 42.83906)
2057
b'$GPRMC,143837.602,V,,,,,0.00,0.00,100180,,,N*4B\r\n'
1470
206

23795511
47
acc(-1.666364, 2.762909, 11.42034)gyro(-0.579556, -0.5854181, 0.04796326)mag(27.34219, -29.59687, 43.0125)
2046
1457
205

23999521
42
acc(-0.8619126, 1.024718, 9.346964)gyro(0.01252374, -0.00746095, 0.5782237)mag(28.78125, -31.40156, 43.35937)
2062
b'$GPRMC,143838.102,V,,,,,0.00,0.00,100180,,,N*43\r\n'
1487
197

24203511
35
acc(0.521936, 0.794875, 9.200917)gyro(0.1690705, -0.3312129, 0.4006264)mag(32.3789, -32.48437, 43.0125)
2064
1477
199

24407514
70
acc(-0.9002198, 0.7158663, 12.29423)gyro(-0.1989143, 0.5915468, -0.1103155)mag(33.81797, -35.37187, 41.625)
2059
b'$GPRMC,143838.602,V,,,,,0.00,0.00,100180,,,N*44\r\n'
1468
198

24612560
48
acc(-1.49877, 0.1963245, 9.677363)gyro(0.2298239, -0.1008561, -0.09352834)mag(34.71738, -34.46953, 43.18594)
2053
1471
207

24817511
66
acc(-0.4070143, 0.3471592, 9.19134)gyro(-0.1458882, -0.07754059, 0.4794993)mag(32.19902, -34.10859, 42.49218)
2061
b'$GPRMC,143839.102,V,,,,,0.00,0.00,100180,,,N*42\r\n'
1459
192

25022563
74
acc(0.1268927, 0.5171475, 11.24796)gyro(-0.03384074, -0.1878561, 0.6459051)mag(38.13515, -36.81562, 40.2375)
2059
1456
208

25227552
49
acc(-0.1484405, 2.734178, 9.461885)gyro(0.2395498, 0.1725345, 0.9803156)mag(38.85469, -36.09375, 41.97187)
2059
b'$GPRMC,143839.602,V,,,,,0.00,0.00,100180,,,N*45\r\n'
1463
209

25431506
62
acc(0.8858546, 1.762132, 8.686164)gyro(0.1680046, 0.3222864, 1.256504)mag(42.09258, -35.73281, 41.97187)
2059
1476
205

25636559
69
acc(0.6153098, 1.668759, 9.411607)gyro(-0.03637213, 0.183193, 1.348567)mag(46.40976, -32.48437, 41.97187)
2051
b'$GPRMC,143840.102,V,,,,,0.00,0.00,100180,,,N*4C\r\n'
1467
208

25840559
70
acc(-2.461239, 0.4740519, 11.74356)gyro(0.02917764, 0.6704196, 1.095161)mag(52.3459, -24.00234, 42.83906)
2057
1473
207

26045520
49
acc(-1.884237, 1.637634, 10.84813)gyro(0.3907673, 0.1249709, 0.8961134)mag(54.50449, -17.86641, 43.53281)
2062
b'$GPRMC,143840.602,V,,,,,0.00,0.00,100180,,,N*4B\r\n'
1473
209

26249547
70
acc(-1.786075, 0.9911995, 9.009381)gyro(0.1179097, 0.1445559, 0.9787168)mag(52.3459, -15.33984, 43.18594)
2053
1477
206

26454551
67
acc(-2.681506, 0.4453215, 10.96066)gyro(-0.2809847, 0.8077811, 0.7804687)mag(53.24531, -11.55, 44.4)
2063
b'$GPRMC,143841.102,V,,,,,0.00,0.00,100180,,,N*4D\r\n'
1472
208

26658559
64
acc(-0.4022259, 2.851494, 8.848969)gyro(0.4461915, -0.2664625, -0.07674119)mag(53.96484, -6.857812, 43.35937)
2059
1468
192

26863527
64
acc(-0.8523358, 1.565808, 9.65821)gyro(0.4481899, -0.1823936, -0.4801654)mag(53.06543, -5.955468, 43.87969)
2055
b'$GPRMC,143841.602,V,,,,,0.00,0.00,100180,,,N*4A\r\n'
1465
204

27067510
42
acc(-0.7685388, 1.972822, 8.954314)gyro(0.2403492, 0.01718683, -0.5851517)mag(51.2666, -9.564843, 45.26719)
2061
1461
191

27271543
62
acc(-0.56982, 2.317587, 9.94312)gyro(0.3625222, -0.004929556, -0.2336876)mag(49.108, -10.28672, 44.92031)
2060
None
1471
209

27476557
55
acc(-0.6272808, 2.190695, 10.18254)gyro(-0.2230291, -0.1179097, -0.019585)mag(49.28789, -11.55, 45.44062)
2064
1462
208

27681567
74
acc(-2.786851, 1.338359, 8.324639)gyro(-0.7046601, 0.0664824, -0.4166142)mag(50.54707, -11.36953, 45.96094)
2054
b'$GPRMC,143842.097,V,,,,,0.00,0.00,100180,,,N*43\r\n'
1475
193

27885567
64
acc(-0.2466028, 2.995146, 8.422802)gyro(-0.4367321, 0.2121042, -0.1425574)mag(48.02871, -12.81328, 45.61406)
2060
1477
203

28090511
65
acc(-0.9792285, 1.774103, 9.65821)gyro(0.06008729, -0.01265697, 0.4075544)mag(50.36718, -10.82812, 45.44062)
2051
b'$GPRMC,143842.597,V,,,,,0.00,0.00,100180,,,N*46\r\n'
1459
197

28294545
64
acc(-3.627216, 3.620033, 12.44027)gyro(0.1193752, 0.3992941, 1.311928)mag(50.72695, -9.745312, 44.4)
2063
1459
199

28498539
64
acc(-1.539472, 4.120421, 9.069236)gyro(-0.1798622, 0.6854748, 1.13513)mag(49.64765, -4.692187, 43.35937)
2053
b'$GPRMC,143843.097,V,,,,,0.00,0.00,100180,,,N*42\r\n'
1462
176

28702549
68
acc(-1.113304, 3.761291, 9.375694)gyro(-0.06808117, 0.3097627, 1.081705)mag(49.28789, 1.082812, 41.27812)
2053
1467
206

28906556
82
acc(-1.972822, 2.987964, 11.40837)gyro(-0.2302236, 0.4090199, 0.2070414)mag(47.48906, 5.053125, 40.58437)
2064
b'$GPRMC,143843.597,V,,,,,0.00,0.00,100180,,,N*47\r\n'
1470
205

29110545
58
acc(-2.999935, 2.540248, 9.572019)gyro(-0.1538821, -0.1905207, 0.3534625)mag(45.33047, 6.496875, 41.27812)
2064
1470
198

29314553
59
acc(-0.5602432, 1.180341, 7.965509)gyro(-0.04143492, 0.2031777, 0.4809648)mag(45.15058, 5.594531, 41.45156)
2059
b'$GPRMC,143844.097,V,,,,,0.00,0.00,100180,,,N*45\r\n'
1464
205

29518530
66
acc(-2.750938, 3.289633, 11.15698)gyro(0.1156447, 1.05306, 0.2535391)mag(43.35176, 6.677343, 42.14531)
2055
1471
199

29722549
70
acc(-2.291251, 3.847482, 9.227253)gyro(0.00746095, 0.2268928, 0.406755)mag(41.73281, 8.662499, 40.2375)
2053
None
1467
206

29927533
62
acc(-0.2202666, 1.640028, 8.276755)gyro(0.03890353, -0.05835528, 0.5848852)mag(40.47363, 7.038281, 39.37031)
2046
1461
208

30131520
62
acc(-3.864242, 3.936068, 12.79461)gyro(0.3301471, 0.5920797, -0.2214303)mag(41.55293, 11.36953, 37.63594)
2057
b'$GPRMC,143844.597,V,,,,,0.00,0.00,100180,,,N*40\r\n'
1467
197

30335559
63
acc(-2.343924, 2.719813, 9.093178)gyro(0.3707826, -0.4789664, -0.02278254)mag(40.8334, 9.92578, 41.10469)
2064
1461
205

30540547
80
acc(-1.429338, 3.191471, 11.57357)gyro(0.3651869, 0.03557274, 0.4433936)mag(41.01328, 8.301562, 40.2375)
2046
b'$GPRMC,143845.097,V,,,,,0.00,0.00,100180,,,N*44\r\n'
1471
203

30744511
35
acc(-3.660734, 4.668694, 12.00692)gyro(-0.1855911, 0.5990077, 0.2803185)mag(38.6748, 6.677343, 41.10469)
2060
1483
203

30949533
48
acc(-0.1651999, 2.133234, 7.412448)gyro(-0.6872068, 0.1536156, 0.2455452)mag(35.43691, 8.842968, 40.06406)
2047
b'$GPRMC,143845.597,V,,,,,0.00,0.00,100180,,,N*41\r\n'
1456
195

31153561
70
acc(-2.238579, 1.934515, 11.94467)gyro(0.3731807, -1.008028, 0.158412)mag(42.45234, 9.384375, 37.80937)
2061
1471
320

31358569
66
acc(-1.283292, 1.932121, 8.192958)gyro(-0.1047198, -0.1781302, -0.2608668)mag(45.15058, 8.121093, 40.41093)
2039
b'$GPRMC,143846.097,V,,,,,0.00,0.00,100180,,,N*47\r\n'
1473
270

31563560
57
acc(-0.2873042, 1.807622, 6.780379)gyro(0.4160812, -0.01718683, 0.03024349)mag(44.9707, 9.023437, 40.2375)
2061
1477
205

31768520
64
acc(-0.8882488, 1.362301, 11.44907)gyro(0.06448393, -0.1105819, 0.2598009)mag(43.17187, 7.579687, 39.89062)
2057
None
1472
303

31973569
71
acc(-1.122881, 4.175488, 8.281544)gyro(0.3201547, -0.3096294, 0.6519005)mag(39.21445, 10.10625, 39.89062)
2059
1472
191

32178515
41
acc(-0.2944868, 1.25935, 8.26239)gyro(-0.2515406, 0.083536, 0.4761685)mag(37.77539, 8.301562, 40.58437)
2061
b'$GPRMC,143846.597,V,,,,,0.00,0.00,100180,,,N*42\r\n'
1474
206

32382520
54
acc(-2.099715, 1.977611, 12.39957)gyro(0.1449556, 0.3416049, -0.2833829)mag(37.95527, 9.92578, 40.06406)
2043
1473
203

32587522
46
acc(-2.530671, 0.2705448, 9.399636)gyro(-0.167072, 0.6768147, -0.6331149)mag(40.29375, 9.745312, 40.93125)
2032
b'$GPRMC,143847.097,V,,,,,0.00,0.00,100180,,,N*46\r\n'
1463
189

32791559
57
acc(-0.1436521, 1.951274, 7.714118)gyro(0.4731042, -0.05262635, -0.3996938)mag(41.55293, 9.92578, 40.41093)
2041
1471
195

32996557
75
acc(0.01675941, 2.03986, 10.82419)gyro(0.02824502, 0.1317657, 0.1180429)mag(40.65351, 8.301562, 40.58437)
2052
b'$GPRMC,143847.597,V,,,,,0.00,0.00,100180,,,N*43\r\n'
1467
208

33200564
64
acc(-2.511518, 4.015076, 9.904813)gyro(0.0575559, -0.2210307, 0.4415284)mag(39.7541, 8.121093, 42.14531)
2057
1469
181

33405520
57
acc(-0.3351882, 1.13964, 8.365341)gyro(-0.4098194, -0.3452022, -0.1095161)mag(40.47363, 9.92578, 39.71719)
2052
b'$GPRMC,143848.097,V,,,,,0.00,0.00,100920,,,N*4B\r\n'
1470
197

33610527
48
acc(-2.262521, 4.465186, 13.07474)gyro(0.5814212, -0.412484, 0.001199081)mag(41.19316, 5.955468, 40.06406)
2038
1472
202

33815543
61
acc(-0.8738836, 2.659958, 7.402872)gyro(0.4166142, -0.7916601, -0.3547948)mag(41.55293, 8.482031, 39.71719)
2057
b'$GPRMC,143848.136,V,,,,,0.00,0.00,100920,,,N*41\r\n'
1462
188

34019550
73
acc(1.036689, 2.020706, 8.180987)gyro(-0.1560138, 0.01372282, 0.1955835)mag(37.77539, 3.970312, 41.97187)
2058
1470
207

34224536
54
acc(-2.090138, 5.307945, 10.74039)gyro(-0.1036539, 0.07314396, 0.7279756)mag(36.33633, 7.21875, 40.93125)
2046
b'$GPRMC,143848.636,V,,,,,0.00,0.00,100920,,,N*46\r\n'
1469
197

34428539
46
acc(-0.1508347, -0.002394202, 6.823475)gyro(-0.7732742, 0.4866938, 0.1795957)mag(35.97656, 7.940625, 40.93125)
2035
1458
207

34633543
50
acc(-1.529895, 1.867477, 11.01572)gyro(-0.02464778, -0.1446891, -0.4721715)mag(39.57421, 8.662499, 40.58437)
2043
b'$GPRMC,143849.136,V,,,,,0.00,0.00,100920,,,N*40\r\n'
1456
197

34837559
63
acc(-2.343924, 1.046266, 9.825804)gyro(-0.06208577, -0.006928025, -0.6922696)mag(43.71152, 8.842968, 39.71719)
2040
1458
197

35042528
73
acc(0.1963245, 2.726996, 7.855376)gyro(0.5554411, -0.270193, 0.01598775)mag(40.47363, 7.038281, 43.53281)
2053
b'$GPRMC,143849.636,V,,,,,0.00,0.00,100920,,,N*47\r\n'
1465
195

35246511
45
acc(-0.5889736, 2.343924, 11.11149)gyro(-0.1887887, 0.8858546, 0.1366953)mag(39.39433, 4.511718, 41.45156)
2052
1459
525

35450519
48
acc(-1.156399, 3.615245, 8.056489)gyro(-0.1672052, 0.05808883, 0.2800521)mag(38.49492, 6.135937, 41.625)
2053
b'$GPRMC,143850.136,V,,,,,0.00,0.00,100920,,,N*48\r\n'
1464
202

35654515
48
acc(-0.6943185, 1.541866, 9.564836)gyro(0.01039204, -0.1897213, -0.2102389)mag(38.49492, 8.301562, 39.89062)
2046
1459
196

35858520
42
acc(-3.502717, 4.242526, 14.01326)gyro(0.3995605, -0.2095728, -0.3248178)mag(42.09258, 6.135937, 42.66562)
2060
b'$GPRMC,143850.636,V,,,,,0.00,0.00,100920,,,N*4F\r\n'
1456
194

36062511
56
acc(-1.757344, 2.992752, 8.901642)gyro(0.5791562, -0.1201746, -0.4997504)mag(44.43105, 5.955468, 43.53281)
2063
1457
206

36266511
50
acc(-0.1987187, 3.028665, 9.574412)gyro(0.2538055, -0.07247781, 0.4307366)mag(41.01328, 6.135937, 42.31875)
2046
None
1453
192

36471567
69
acc(-3.998317, 6.797139, 14.24071)gyro(0.05475805, -0.07554212, 0.5233324)mag(39.03457, 4.511718, 43.53281)
2033
1459
208

36676552
64
acc(-0.4572925, 2.094927, 7.637504)gyro(-0.5062788, 0.5169373, 0.5956769)mag(36.15644, 4.511718, 41.79843)
2047
b'$GPRMC,143851.136,V,,,,,0.00,0.00,100920,,,N*49\r\n'
1463
210

36880549
57
acc(0.2106898, 2.382231, 8.5473)gyro(0.1466876, -0.2700598, -0.06634916)mag(37.23574, 6.677343, 42.49218)
2058
1466
208

37085527
48
acc(-1.30484, 3.153164, 11.08515)gyro(-0.09526035, -0.7294411, -0.301902)mag(39.7541, 5.594531, 40.06406)
2055
b'$GPRMC,143851.636,V,,,,,0.00,0.00,100920,,,N*4E\r\n'
1457
195

37289527
48
acc(-0.6727707, 2.817975, 8.130709)gyro(-0.2220965, 0.349732, 0.2013124)mag(41.91269, 4.150781, 42.49218)
2063
1461
198

37494559
59
acc(-0.4596867, 1.546654, 9.55047)gyro(-0.2074411, 0.08979786, 0.7424978)mag(39.57421, 6.496875, 41.97187)
2040
b'$GPRMC,143852.136,V,,,,,0.00,0.00,100920,,,N*4A\r\n'
1453
206

37699516
50
acc(-2.937685, 3.20823, 12.00932)gyro(-0.02251608, 0.1493522, 0.3493323)mag(33.4582, 5.775, 41.625)
2043
1441
208

37904558
62
acc(-1.273715, 2.916138, 8.516175)gyro(-0.1397596, 0.6961333, 0.06888056)mag(31.29961, 8.301562, 40.58437)
2055
b'$GPRMC,143852.636,V,,,,,0.00,0.00,100920,,,N*4D\r\n'
1459
192

38108545
64
acc(-0.2466028, 2.604892, 9.461885)gyro(0.2216968, -0.2291578, -0.2796524)mag(31.65937, 10.82812, 39.19687)
2039
1460
208

38313534
48
acc(0.5363012, 1.192312, 9.734824)gyro(-0.1453553, -0.6120644, -0.3759786)mag(33.09844, 6.857812, 41.625)
2043
None
1453
193

38518553
58
acc(-2.56419, 4.884171, 10.89122)gyro(0.7707428, -0.2768545, -0.392366)mag(35.79668, 4.150781, 43.87969)
2042
1444
214

38723545
63
acc(0.03591302, 3.687071, 7.326257)gyro(-0.06155284, 0.47417, 0.5454488)mag(36.15644, 6.316406, 40.75781)
2051
b'$GPRMC,143853.136,V,,,,,0.00,0.00,100920,,,N*4B\r\n'
1449
208

38927570
84
acc(-0.9864111, 2.487576, 12.01889)gyro(-0.6014059, -0.2085069, 0.445925)mag(33.99785, 5.233593, 42.49218)
2059
1453
205

39132523
37
acc(-0.56982, 4.127604, 8.3821)gyro(0.6832099, -0.04942879, 0.6285851)mag(30.75996, 5.594531, 42.49218)
2042
b'$GPRMC,143853.636,V,,,,,0.00,0.00,100920,,,N*4C\r\n'
1447
202

39336511
69
acc(-1.240196, 1.376666, 9.753978)gyro(0.267928, -0.02651302, -0.4191455)mag(32.19902, 5.594531, 40.41093)
2053
1453
212

39541569
60
acc(-1.419762, 2.686294, 10.66856)gyro(0.03477335, 0.02278254, -1.271959)mag(34.35762, 8.121093, 41.10469)
2039
b'$GPRMC,143854.092,V,,,,,0.00,0.00,100920,,,N*43\r\n'
1451
208

39745544
91
acc(-2.975993, 1.170765, 8.109161)gyro(0.08660031, -0.2339541, -1.371216)mag(38.49492, 5.053125, 41.625)
2055
1441
201

39950529
38
acc(-1.790863, 2.5187, 7.13951)gyro(0.3519969, 0.1937182, -1.071712)mag(43.89141, 3.248437, 44.4)
2054
b'$GPRMC,143854.132,V,,,,,0.00,0.00,100920,,,N*48\r\n'
1463
199

40155565
70
acc(-0.332794, 4.754885, 8.604761)gyro(-0.5198683, -0.5077443, 0.9282221)mag(42.81211, 1.44375, 43.35937)
2042
1439
206

40360511
61
acc(-0.5195417, 2.877831, 9.059659)gyro(0.1177764, -0.3253507, 0.1295008)mag(39.93398, -0.3609375, 46.13437)
2054
b'$GPRMC,143854.632,V,,,,,0.00,0.00,100920,,,N*4F\r\n'
1456
210

40564515
59
acc(-1.884237, 3.552995, 10.04846)gyro(1.119409, -0.5283952, -0.6461716)mag(41.01328, 2.165625, 43.70625)
2057
1451
204

40768506
78
acc(-1.422156, 5.221754, 9.753978)gyro(0.1143124, 0.2078408, -0.1432236)mag(37.23574, -1.263281, 44.92031)
2055
b'$GPRMC,143855.132,V,,,,,0.00,0.00,100920,,,N*49\r\n'
1447
193

40972553
80
acc(-0.4860229, 5.178658, 8.544906)gyro(-0.06528331, 0.2893783, 0.303634)mag(37.95527, 0.1804687, 44.57344)
2055
1451
197

41177560
70
acc(-1.070208, 4.086902, 8.983045)gyro(0.0554242, 0.2411486, 0.5105422)mag(36.87597, 1.263281, 45.61406)
2038
b'$GPRMC,143855.632,V,,,,,0.00,0.00,100920,,,N*4E\r\n'
1445
208

41381563
51
acc(-0.9624691, 4.197036, 8.604761)gyro(-0.09179633, 0.1906539, 0.3667856)mag(35.6168, 2.8875, 43.70625)
2041
1456
192

41586520
55
acc(-1.18513, 4.055778, 9.406818)gyro(0.1131133, 0.1851915, 0.08273661)mag(35.25703, 2.165625, 43.35937)
2041
b'$GPRMC,143856.132,V,,,,,0.00,0.00,100920,,,N*4A\r\n'
1433
202

41790511
43
acc(-1.338359, 4.46758, 9.251195)gyro(0.1613431, -0.07061256, -0.04010261)mag(35.43691, 3.067969, 42.14531)
2042
1453
210

41995565
97
acc(-0.4979939, 5.147533, 8.640674)gyro(-0.1817274, 0.3046999, 0.2923093)mag(33.81797, 4.33125, 43.70625)
2055
b'$GPRMC,143856.632,V,,,,,0.00,0.00,100920,,,N*4D\r\n'
1441
208

42200510
46
acc(-0.8690952, 4.733337, 9.097966)gyro(-0.06008729, 0.1312328, 0.4680414)mag(33.63808, 5.233593, 42.83906)
2061
1438
208

42404527
53
acc(-0.9552865, 4.503493, 8.872911)gyro(-0.2675283, 0.227026, 0.4704395)mag(33.4582, 6.496875, 42.31875)
2055
b'$GPRMC,143857.132,V,,,,,0.00,0.00,100920,,,N*4B\r\n'
1445
197

42608515
39
acc(-0.5075707, 3.962404, 8.817844)gyro(-0.2876463, 0.2789862, 0.4405957)mag(31.47949, 6.316406, 42.83906)
2039
1445
198
