
42827654
48
acc(-0.3782839, 0.9337386, 9.006987)gyro(-0.009592649, -0.1708025, -1.183627)mag(47.48906, -2.165625, 29.83125)
2064
b'$GPRMC,000024.299,V,,,,,0.00,0.00,060180,,,N*46\r\n'
1487
189

43031565
67
acc(-0.1987187, 0.5315128, 10.81221)gyro(0.007860644, -0.1602772, -0.7803354)mag(49.28789, -5.053125, 29.48438)
2062
1488
204

43236513
54
acc(-2.65517, 0.5434838, 11.70046)gyro(0.1994472, 0.2242282, -1.752524)mag(51.80625, -12.27188, 30.525)
2052
b'$GPRMC,000024.799,V,,,,,0.00,0.00,060180,,,N*43\r\n'
1493
200

43440557
54
acc(-0.9074024, 1.563414, 8.066066)gyro(0.511608, -0.002531394, -1.812878)mag(52.70566, -14.97891, 30.00469)
2052
1511
197

43645508
64
acc(1.041478, 2.284068, 10.75475)gyro(0.8195054, 0.1954502, -0.2531394)mag(48.92812, -20.2125, 32.60625)
2061
None
1500
201

43849511
58
acc(-0.8978256, 3.62961, 10.77151)gyro(-0.006261869, 0.2141026, 0.01185758)mag(46.76953, -21.29531, 33.99375)
2046
1488
193

44053509
66
acc(0.05985504, 0.07900865, 7.565677)gyro(0.006528332, 0.2468775, -0.1196417)mag(45.51035, -22.91953, 33.82031)
2064
b'$GPRMC,000025.299,V,,,,,0.00,0.00,060180,,,N*47\r\n'
1489
192

44257507
48
acc(-0.866701, 2.281674, 12.28704)gyro(-0.02051761, -0.229291, -0.7249113)mag(47.30918, -21.47578, 35.90156)
2067
1502
208

44462557
64
acc(-2.568978, 0.8714894, 8.889671)gyro(-0.7303738, 0.6476371, -1.340306)mag(45.87011, -22.55859, 34.86094)
2064
b'$GPRMC,000025.799,V,,,,,0.00,0.00,060180,,,N*42\r\n'
1493
192

44667516
64
acc(0.7733272, 1.247379, 7.704541)gyro(0.06981318, -0.09046402, -0.2182328)mag(44.61093, -21.65625, 35.03438)
2063
1484
194

44871502
64
acc(-0.5554548, 2.078167, 12.51449)gyro(-0.2231624, -0.1637412, 0.2299572)mag(44.43105, -22.55859, 32.08593)
2063
b'$GPRMC,000026.299,V,,,,,0.00,0.00,060180,,,N*44\r\n'
1489
186

45075507
59
acc(-0.8403648, 1.280898, 8.463503)gyro(0.1003231, -0.3320123, 0.1008561)mag(46.76953, -24.54375, 32.60625)
2061
1491
196

45279520
64
acc(0.8451532, 1.410185, 8.554482)gyro(-0.1500184, -0.1633415, -0.275389)mag(49.108, -23.28047, 33.47343)
2055
b'$GPRMC,000026.799,V,,,,,0.00,0.00,060180,,,N*41\r\n'
1490
191

45484557
58
acc(-1.106121, 3.53863, 12.48816)gyro(0.2596677, 0.2484763, -0.1188423)mag(49.82754, -23.28047, 32.77969)
2051
1488
197

45688509
62
acc(-0.3423708, 2.707842, 9.028535)gyro(-0.2792527, 0.1466876, 1.067049)mag(48.02871, -22.55859, 31.39219)
2063
None
1478
203

45893522
53
acc(0.01197101, 3.380613, 8.889671)gyro(0.07647474, 0.5988745, 2.751092)mag(50.1873, -20.39297, 29.31094)
2039
1487
195

46098508
63
acc(-1.601721, 1.563414, 9.56723)gyro(0.1552144, -0.09286219, 2.582954)mag(50.36718, -9.384375, 31.21875)
2062
b'$GPRMC,000027.299,V,,,,,0.00,0.00,060180,,,N*45\r\n'
1499
192

46302522
64
acc(1.537078, 1.836353, 7.831434)gyro(0.3077642, -0.4012925, 0.7867305)mag(46.22988, -4.150781, 31.39219)
2043
1488
197

46507561
54
acc(0.8140285, 3.517082, 10.72124)gyro(-0.1080505, -0.3392067, 0.02078407)mag(45.87011, -4.150781, 30.69844)
2065
b'$GPRMC,000027.799,V,,,,,0.00,0.00,060180,,,N*40\r\n'
1493
204

46712512
39
acc(3.126827, 2.8491, 9.11712)gyro(-0.5106754, 0.2532726, 1.441029)mag(46.40976, -3.248437, 31.56562)
2065
1495
200

46917560
51
acc(0.9816227, 1.357512, 9.090784)gyro(0.4030245, -0.03144258, 2.193253)mag(43.89141, -1.804687, 31.9125)
2058
b'$GPRMC,000028.299,V,,,,,0.00,0.00,060180,,,N*4A\r\n'
1501
187

47122514
57
acc(-0.4596867, 0.3734955, 9.569624)gyro(0.2466111, 0.05715621, 1.901743)mag(35.07715, -0.5414062, 31.04531)
2064
1500
199

47326519
54
acc(-0.1125275, 0.6392518, 9.572019)gyro(0.1645406, 0.3597244, 1.734271)mag(26.98242, 1.082812, 30.17812)
2045
b'$GPRMC,000028.799,V,,,,,0.00,0.00,060180,,,N*4F\r\n'
1499
196

47531555
59
acc(1.288081, 1.381454, 10.01016)gyro(-0.4082206, 0.3134931, 0.5964763)mag(26.08301, -1.263281, 28.96406)
2059
1479
194

47736514
41
acc(1.369483, 1.659182, 9.129091)gyro(0.3541287, 0.9550016, 1.426374)mag(23.38476, -3.248437, 27.05625)
2051
b'$GPRMC,000029.299,V,,,,,0.00,0.00,060180,,,N*4B\r\n'
1500
195

47941562
74
acc(1.01993, 1.393425, 8.987833)gyro(-0.2015789, 0.1504181, 0.6096663)mag(20.32676, -4.150781, 28.27031)
2067
1484
195

48146564
45
acc(-0.5003881, 1.37906, 9.713276)gyro(0.1322986, 0.0149219, 0.508144)mag(18.34805, -7.940625, 27.40312)
2053
None
1491
202

48351521
55
acc(-0.2154782, 2.659958, 11.8082)gyro(-0.1132466, 0.2755222, 0.1259035)mag(19.24746, -7.399218, 26.88281)
2064
1499
194

48556562
61
acc(0.2633622, 3.541024, 10.74039)gyro(0.2422144, 0.001332313, 0.5563737)mag(18.52793, -7.399218, 27.92344)
2067
b'$GPRMC,000029.799,V,,,,,0.00,0.00,060180,,,N*4E\r\n'
1489
199

48761508
42
acc(0.09576806, 1.922544, 9.409213)gyro(0.1973155, 0.2051761, 1.396796)mag(19.06758, -9.745312, 26.3625)
2064
1488
195

48965501
58
acc(-0.5243302, 2.643199, 11.23838)gyro(-0.3691838, 0.09779175, 1.689905)mag(15.82969, -13.35469, 27.40312)
2064
b'$GPRMC,000030.299,V,,,,,0.00,0.00,060180,,,N*43\r\n'
1502
173

49169509
56
acc(0.08619126, 2.846706, 9.564836)gyro(-0.1728009, 0.1939847, 1.67072)mag(19.06758, -19.12969, 29.1375)
2061
1494
192

49374528
43
acc(-0.3184288, 2.616863, 9.337387)gyro(0.191853, 0.3818408, 1.287813)mag(21.76582, -25.44609, 28.27031)
2064
b'$GPRMC,000030.799,V,,,,,0.00,0.00,060180,,,N*46\r\n'
1497
197

49579526
45
acc(1.695095, 2.396596, 9.241618)gyro(0.1758653, 0.2747228, 1.606103)mag(24.64394, -29.41641, 27.57656)
2055
1483
199

49784524
42
acc(-0.2082956, 3.478775, 10.46506)gyro(0.01732006, -0.08406893, 1.391734)mag(29.86054, -31.7625, 29.48438)
2054
b'$GPRMC,000031.299,V,,,,,0.00,0.00,060180,,,N*42\r\n'
1498
193

49988540
39
acc(-0.05985504, 1.192312, 9.746795)gyro(0.09472742, 0.5054794, 0.8558775)mag(33.99785, -32.30391, 30.00469)
2064
1510
194

50193527
38
acc(0.5650316, 0.4572925, 9.07163)gyro(-0.03797091, 0.7395667, 0.7436969)mag(38.6748, -30.49922, 30.69844)
2067
None
1491
194

50397530
64
acc(1.034295, 1.482011, 10.64223)gyro(-0.2018454, -0.150951, 0.7439633)mag(41.91269, -25.08516, 31.39219)
2064
1499
198

50602518
47
acc(1.563414, 1.474828, 9.892841)gyro(-0.08393568, -0.4405957, 0.51334)mag(46.76953, -25.62656, 28.09687)
2054
b'$GPRMC,000031.799,V,,,,,0.00,0.00,060180,,,N*47\r\n'
1507
195

50806525
55
acc(0.6847417, 2.885013, 10.07241)gyro(-0.6584289, -0.1413584, 0.3276156)mag(46.94941, -27.25078, 28.27031)
2064
1488
180

51010541
51
acc(-1.039083, 1.884237, 11.90876)gyro(0.7394335, -0.4106187, 0.4432604)mag(48.56836, -28.51406, 29.83125)
2064
b'$GPRMC,000032.299,V,,,,,0.00,0.00,060180,,,N*41\r\n'
1498
193

51215555
55
acc(0.3040636, -1.149217, 8.073248)gyro(0.2009127, 0.3639878, -0.2824502)mag(51.08672, -32.12344, 32.25937)
2062
1503
203

51420509
60
acc(2.686294, 2.118869, 8.449138)gyro(0.4882926, 0.3595912, 0.8360261)mag(51.08672, -26.34844, 36.76875)
2064
b'$GPRMC,000032.799,V,,,,,0.00,0.00,060180,,,N*44\r\n'
1504
197

51624507
47
acc(0.1029507, 2.317587, 11.51611)gyro(-0.3635881, 0.05355896, 1.900544)mag(49.82754, -22.55859, 37.28906)
2062
1505
197

51828516
47
acc(-1.264138, 3.881001, 11.63821)gyro(-0.1346968, 0.4826968, 2.098259)mag(53.06543, -13.53516, 37.98281)
2064
b'$GPRMC,000033.299,V,,,,,0.00,0.00,060180,,,N*40\r\n'
1495
186

52033560
62
acc(-0.6512229, 0.581791, 10.51294)gyro(-0.4952206, 0.4524533, 0.9259573)mag(53.06543, -6.677343, 36.59531)
2064
1501
195

52238510
51
acc(-0.7661445, 0.3567361, 11.1067)gyro(0.1554809, 0.1124472, 0.09339512)mag(52.3459, -5.233593, 37.28906)
2060
b'$GPRMC,000033.799,V,,,,,0.00,0.00,060180,,,N*45\r\n'
1498
194

52442511
64
acc(-0.7038953, 0.3734955, 8.884883)gyro(0.385971, -0.2963063, 0.3292144)mag(53.60507, -5.053125, 37.4625)
2064
1507
198

52647554
64
acc(-1.036689, -0.1316811, 10.13705)gyro(0.2082405, -0.1420245, 0.3514641)mag(53.06543, -5.955468, 36.94218)
2066
None
1501
198

52851564
64
acc(-1.503559, 3.804387, 12.77546)gyro(0.03357428, -0.4080873, 0.6369786)mag(49.46777, -7.399218, 37.28906)
2064
1501
197

53055514
53
acc(0.770933, 0.6847417, 7.546524)gyro(0.2813844, 0.09952374, 0.38717)mag(44.43105, -8.842968, 37.28906)
2063
b'$GPRMC,000034.299,V,,,,,0.00,0.00,060180,,,N*47\r\n'
1499
192

53259509
50
acc(2.693477, 3.701436, 13.04122)gyro(-0.06181931, -0.2030444, 0.05928791)mag(43.71152, -9.203906, 37.63594)
2064
1495
199

53464557
49
acc(-3.397372, 0.7469909, 10.52252)gyro(-0.06634916, -0.50468, 1.03574)mag(51.80625, -12.27188, 37.4625)
2053
b'$GPRMC,000034.799,V,,,,,0.00,0.00,060180,,,N*42\r\n'
1509
195

53668554
55
acc(0.5626374, -0.617704, 5.966351)gyro(0.2724579, 0.1875896, -0.3288147)mag(53.60507, -13.71562, 33.99375)
2062
1502
163

53872573
52
acc(2.090138, 1.486799, 11.58315)gyro(-0.394631, 0.08646708, 0.529461)mag(60.08086, -12.27188, 32.25937)
2064
b'$GPRMC,000035.299,V,,,,,0.00,0.00,060180,,,N*46\r\n'
1506
194

54076546
48
acc(1.534683, 2.801216, 7.412448)gyro(0.2693936, 0.1934518, 0.9892421)mag(60.98027, -0.5414062, 23.41406)
2064
1498
163

54280569
48
acc(0.04548983, 0.8475474, 10.22803)gyro(0.09259573, 0.1051195, 0.6456387)mag(57.5625, 3.248437, 23.93437)
2067
b'$GPRMC,000035.799,V,,,,,0.00,0.00,060180,,,N*43\r\n'
1508
194

54484555
29
acc(0.5913678, 0.7781156, 11.15698)gyro(-0.08633385, -0.3950306, 0.02944411)mag(53.78496, 5.233593, 23.41406)
2066
1491
192

54688556
43
acc(-1.340753, 0.2035071, 11.09473)gyro(-0.2330215, 0.3040337, -0.7463615)mag(56.4832, 5.414062, 23.93437)
2065
None
1499
191

54893519
48
acc(1.335965, 0.4668693, 7.687782)gyro(0.5082772, 0.07620828, -0.731706)mag(63.13886, 1.985156, 22.37344)
2064
1506
194

55098517
53
acc(0.5554548, 1.537078, 11.10431)gyro(-0.4846953, -0.2162343, 0.4357994)mag(69.79453, 5.053125, 21.50625)
2047
b'$GPRMC,000036.299,V,,,,,0.00,0.00,060180,,,N*45\r\n'
1509
192

55303555
48
acc(1.438915, 1.434127, 9.718064)gyro(-0.2566034, 0.4480567, -0.2594013)mag(67.9957, 8.301562, 19.77187)
2047
1507
195

55508528
48
acc(-0.5434838, -0.2705448, 7.307104)gyro(-0.529461, 1.138328, 0.6918698)mag(63.31874, 9.745312, 20.8125)
2064
b'$GPRMC,000036.799,V,,,,,0.00,0.00,060180,,,N*40\r\n'
1497
192

55712530
32
acc(-0.6919243, -0.9050082, 8.588001)gyro(0.6443064, 0.5947443, 0.3818408)mag(60.6205, 10.64766, 18.55781)
2062
1498
175

55916525
36
acc(-1.077391, 1.127669, 10.26394)gyro(0.1024548, 0.8922498, -0.04223431)mag(47.1293, 15.88125, 24.975)
2058
b'$GPRMC,000037.299,V,,,,,0.00,0.00,060180,,,N*44\r\n'
1488
197

56121516
46
acc(0.007182605, 1.654393, 8.863335)gyro(-0.1051195, 0.4222098, 0.6277857)mag(41.37304, 16.60313, 25.32187)
2059
1503
199

56326561
32
acc(-1.599327, 3.265691, 13.18247)gyro(-0.2259602, 0.1546815, 0.4379311)mag(38.6748, 17.50547, 24.80156)
2056
b'$GPRMC,000037.799,V,,,,,0.00,0.00,060180,,,N*41\r\n'
1510
189

56531507
21
acc(-0.3687071, 1.084573, 5.226542)gyro(-0.3523967, 0.2243614, 1.111948)mag(32.01914, 19.12969, 24.62812)
2064
1502
204

56736556
53
acc(-2.145205, -0.9744401, 10.88644)gyro(-0.3829066, -0.0430337, 0.6184595)mag(30.04043, 16.42266, 25.49531)
2065
b'$GPRMC,000038.299,V,,,,,0.00,0.00,060180,,,N*4B\r\n'
1506
178

56941505
34
acc(-3.878607, 3.1795, 13.17769)gyro(-0.2833829, -0.05475805, 0.3783768)mag(26.08301, 14.25703, 26.53594)
2059
1505
198

57146507
34
acc(0.308852, 2.006341, 6.469133)gyro(1.521501, -0.4480567, 0.2470108)mag(23.56465, 10.64766, 26.88281)
2067
None
1496
192

57350528
45
acc(-1.077391, 1.024718, 11.11149)gyro(-0.2354196, -0.1055192, 0.2091731)mag(21.22617, 11.55, 29.1375)
2053
1505
194

57555537
45
acc(-0.1795651, 3.96001, 11.12825)gyro(-0.6686876, -0.2023783, 0.5419847)mag(21.76582, 7.038281, 32.77969)
2060
b'$GPRMC,000038.799,V,,,,,0.00,0.00,060180,,,N*4E\r\n'
1504
198

57760521
35
acc(0.3998317, -0.7038953, 6.952762)gyro(-0.05715621, -0.2539388, 0.3583921)mag(22.66523, 7.21875, 34.6875)
2059
1501
192

57965538
44
acc(0.6320692, -0.06943185, 10.02931)gyro(-0.3598576, -0.3136264, 0.2207642)mag(24.64394, 6.316406, 36.94218)
2064
b'$GPRMC,000039.299,V,,,,,0.00,0.00,060180,,,N*4A\r\n'
1504
187

58169537
54
acc(-0.557849, -0.6823475, 9.390059)gyro(-0.2483431, 0.01372282, -0.3799755)mag(26.08301, 3.428906, 40.06406)
2066
1508
192

58373546
49
acc(1.010353, -0.6560113, 8.645462)gyro(-0.1790628, 0.04436601, -0.5511777)mag(30.22031, 6.135937, 38.50312)
2064
b'$GPRMC,000039.799,V,,,,,0.00,0.00,060180,,,N*4F\r\n'
1509
199

58578519
43
acc(0.3615245, -2.437297, 9.619903)gyro(0.3681179, -0.2861807, -0.1460215)mag(35.07715, 7.760156, 40.06406)
2053
1488
207

58783544
47
acc(-0.05985504, 0.8690952, 11.41077)gyro(0.6664227, 0.3256172, -0.07007964)mag(35.6168, 6.857812, 40.2375)
2059
b'$GPRMC,000040.299,V,,,,,0.00,0.00,060180,,,N*44\r\n'
1488
194

58987533
50
acc(0.3663129, -0.4429273, 8.202535)gyro(0.3838392, -0.2121042, 0.01212404)mag(30.93984, 6.496875, 39.54375)
2061
1498
195

59192505
42
acc(0.6631939, 0.5770026, 10.80024)gyro(-0.1505513, 0.001332313, 0.0532925)mag(30.58008, 7.579687, 39.19687)
2062
None
1506
193

59397546
50
acc(-1.968034, 1.302446, 12.7994)gyro(0.392366, -0.3141593, -0.1558806)mag(33.99785, 7.399218, 41.10469)
2054
1491
195

59602519
34
acc(0.3519476, 0.4118027, 7.888895)gyro(0.3085636, -0.307631, -0.4552512)mag(32.55879, 9.203906, 39.71719)
2045
b'$GPRMC,000040.799,V,,,,,0.00,0.00,060180,,,N*41\r\n'
1508
202

59806529
73
acc(1.005565, -1.587356, 8.987833)gyro(-0.1255038, -0.2737902, 0.05049465)mag(32.55879, 8.482031, 40.06406)
2064
1490
188

60011540
57
acc(-1.381454, 2.032677, 11.63582)gyro(0.04276723, 0.2652634, 0.2175666)mag(34.17773, 6.857812, 43.70625)
2064
b'$GPRMC,000041.299,V,,,,,0.00,0.00,060180,,,N*45\r\n'
1491
197

60215524
46
acc(0.2537854, 0.07900865, 7.055712)gyro(0.1223063, 0.4467244, 0.5001502)mag(30.4002, 7.760156, 41.10469)
2061
1492
200

60420554
55
acc(0.6272808, 1.280898, 10.29507)gyro(0.1478867, 0.4520536, 0.4254074)mag(28.60137, 9.203906, 39.71719)
2055
b'$GPRMC,000041.799,V,,,,,0.00,0.00,060180,,,N*40\r\n'
1485
199

60625504
32
acc(-2.027889, 2.602497, 13.10586)gyro(0.3008362, 0.006128638, 0.2316891)mag(27.1623, 11.00859, 38.32969)
2064
1495
199

60830559
37
acc(-1.915361, 1.61848, 7.177817)gyro(0.964461, 0.03237519, 0.307098)mag(26.08301, 11.00859, 36.59531)
2059
b'$GPRMC,000042.299,V,,,,,0.00,0.00,060180,,,N*46\r\n'
1493
192

61034503
23
acc(-1.254562, 1.323994, 10.57279)gyro(0.09246248, -0.06834764, 0.4961532)mag(25.36348, 10.64766, 37.28906)
2064
1495
193

61239539
51
acc(-0.9002198, 2.102109, 10.79067)gyro(-0.06301838, 0.2252941, 0.342804)mag(24.28418, 10.28672, 39.02344)
2064
b'$GPRMC,000042.799,V,,,,,0.00,0.00,060180,,,N*43\r\n'
1498
201

61444504
18
acc(-0.4357447, 2.92332, 9.469068)gyro(0.1273691, 0.3895682, 0.3534625)mag(24.64394, 9.203906, 39.02344)
2039
1498
198

61649554
40
acc(-0.1460463, 0.5506664, 9.41879)gyro(-0.05995407, -0.08153753, 0.04436601)mag(21.9457, 8.301562, 38.15625)
2065
None
1491
199

61854508
19
acc(-0.5363012, 0.5865794, 10.44351)gyro(-0.2322221, 0.2484763, 0.172268)mag(26.44277, 7.399218, 41.10469)
2057
1488
198

62058538
35
acc(-1.616086, 1.628057, 9.193734)gyro(-0.2232956, 0.5034809, 0.3173568)mag(22.48535, 8.482031, 39.02344)
2060
b'$GPRMC,000043.299,V,,,,,0.00,0.00,060180,,,N*47\r\n'
1478
203

62263520
37
acc(-0.4405331, -0.3256114, 9.797073)gyro(-0.09992344, 0.207974, 0.3033676)mag(22.30547, 6.496875, 38.15625)
2059
1502
203

62468537
50
acc(-1.869872, 0.8762778, 10.6542)gyro(-0.3570598, -0.2600674, 0.4785667)mag(21.76582, 8.121093, 39.02344)
2043
b'$GPRMC,000043.799,V,,,,,0.00,0.00,060180,,,N*42\r\n'
1501
205

62673520
31
acc(0.545878, 0.8858546, 9.153033)gyro(1.077175, -0.004529863, 0.4645774)mag(23.20488, 5.233593, 40.41093)
2052
1491
206

62878545
48
acc(0.9864111, 1.034295, 9.528923)gyro(-0.5956769, -0.2499418, -0.4291378)mag(22.30547, 5.053125, 39.89062)
2055
b'$GPRMC,000044.299,V,,,,,0.00,0.00,060180,,,N*40\r\n'
1489
192

63083504
29
acc(0.09816227, 0.4429273, 10.47942)gyro(0.5546417, -0.2673951, 0.4346003)mag(26.62266, 5.775, 41.625)
2065
1494
198
